ind,attr,val,expectation
7555,4,200 WEST ARBOR DRIVE,0.78
317,13,Heart Attack,0.78
7548,7,94596,0.779
661,8,RANDOLPH,0.777
1300,4,83825 HIGHWAY 9    P O BOX 1270,0.775
8610,17,11 patients,0.775
5218,8,WASHINGTON,0.774
7863,15,Pneumonia Patients Assessed and Given Influenza Vaccination,0.774
1271,16,76%,0.773
1513,10,Acute Care Hospitals,0.772
5585,7,71603,0.772
4265,13,Surgical Infection Prevention,0.772
3444,11,Proprietary,0.772
5673,16,95%,0.772
7672,12,Yes,0.772
36,17,160 patients,0.771
7052,17,303 patients,0.771
7021,7,95521,0.771
3811,15,surgery patients whose preventive antibiotics were stopped at the right time (within 24 hours after surgery),0.771
40,3,SOUTHEAST ALABAMA MEDICAL CENTER,0.771
4697,3,PAGE HOSPITAL,0.771
258,12,Yes,0.77
4838,7,85501,0.77
4778,12,No,0.77
9117,5,TURLOCK,0.77
5712,5,NEWPORT,0.77
2348,10,Acute Care Hospitals,0.77
4960,10,Acute Care Hospitals,0.77
9979,4,13855 E 14TH STREET,0.77
7479,10,Acute Care Hospitals,0.77
1601,7,36532,0.769
3494,8,MOHAVE,0.769
8869,10,Acute Care Hospitals,0.769
4697,11,Government - Hospital District or Authority,0.769
2361,11,Proprietary,0.768
8822,13,Surgical Infection Prevention,0.768
4102,16,94%,0.768
3146,16,81%,0.768
7338,5,LANCASTER,0.768
7247,9,8056402280,0.768
7004,16,92%,0.768
176,17,0 patients,0.768
6538,13,Surgical Infection Prevention,0.768
831,10,Acute Care Hospitals,0.768
5053,10,Acute Care Hospitals,0.768
6796,8,NAPA,0.768
9072,5,ANAHEIM,0.767
9440,11,Voluntary non-profit - Private,0.767
2477,7,36109,0.767
9421,4,2070 CLINTON AVE,0.767
1699,12,No,0.767
4538,16,99%,0.767
6790,17,302 patients,0.767
3943,9,6028655555,0.767
7838,16,68%,0.767
6277,5,MOUNTAIN VIEW,0.767
6249,8,LAWRENCE,0.766
4951,11,Voluntary non-profit - Private,0.766
2075,8,SUMTER,0.766
2023,10,Acute Care Hospitals,0.766
3036,17,106 patients,0.766
6036,2,40137,0.766
3657,13,Pneumonia,0.766
2779,16,71%,0.766
4826,5,GLOBE,0.766
7389,8,LOS ANGELES,0.766
8686,13,Pneumonia,0.766
7004,3,GROSSMONT HOSPITAL,0.766
8070,8,SAN DIEGO,0.766
5708,5,HOT SPRINGS,0.765
2868,10,Critical Access Hospitals,0.765
6306,9,8708454400,0.765
9448,5,NORWALK,0.765
8493,8,SANTA CLARA,0.765
9920,10,Acute Care - VA Medical Center,0.765
3089,13,Surgical Infection Prevention,0.765
8862,17,144 patients,0.765
5466,3,DREW MEMORIAL HOSPITAL,0.765
8806,9,8316245311,0.765
901,4,1653 TEMPLE AVENUE NORTH,0.765
9979,10,Acute Care Hospitals,0.765
1862,12,Yes,0.765
5614,11,Voluntary non-profit - Other,0.765
8070,4,200 WEST ARBOR DRIVE,0.765
9267,3,WATSONVILLE COMMUNITY HOSPITAL,0.765
2027,11,Proprietary,0.765
3099,17,95 patients,0.764
1844,12,Yes,0.764
3943,8,MARICOPA,0.764
7432,5,LOS ANGELES,0.764
9578,7,92843,0.764
7530,12,Yes,0.764
5405,8,CRITTENDEN,0.764
5425,3,FIVE RIVERS MEDICAL CENTER,0.764
837,2,10043,0.764
8068,10,Acute Care Hospitals,0.764
2635,12,Yes,0.764
3247,3,JOHN C LINCOLN NORTH MOUNTAIN HOSPITAL,0.764
3933,17,136 patients,0.764
4065,3,TUCSON HEART HOSPITAL,0.764
3670,11,Proprietary,0.764
7488,16,96%,0.764
5687,16,94%,0.763
3471,11,Proprietary,0.763
4908,16,100%,0.763
5375,10,Acute Care Hospitals,0.763
2788,11,Voluntary non-profit - Other,0.763
3811,11,Government - Federal,0.763
5604,13,Surgical Infection Prevention,0.763
3670,6,AZ,0.763
5946,11,Proprietary,0.763
9453,7,91911,0.763
5555,4,101 HOSPITAL DRIVE,0.763
9920,18,CA_SCIP-INF-3,0.763
6262,11,Government - Local,0.763
1207,4,1200 W MAPLE AVENUE,0.763
3998,16,77%,0.763
8532,10,Acute Care Hospitals,0.763
3191,12,Yes,0.762
6229,3,MCGEHEE DESHA COUNTY HOSPITAL,0.762
5021,13,Surgical Infection Prevention,0.762
6403,5,FORDYCE,0.762
8191,12,Yes,0.762
8513,7,91406,0.762
4603,9,5205862261,0.762
2392,3,UAB HIGHLANDS,0.762
8174,13,Surgical Infection Prevention,0.762
61,13,Pneumonia,0.762
5335,7,72450,0.762
6654,18,AR_HF-4,0.762
5277,10,Acute Care Hospitals,0.762
3281,17,24 patients,0.762
5504,16,99%,0.762
4035,6,AZ,0.762
5579,4,2215 WILDWOOD AVENUE,0.762
9164,15,Pneumonia Patients Given Initial Antibiotic(s) within 6 Hours After Arrival,0.762
9547,8,ORANGE,0.762
7139,17,0 patients,0.762
9893,17,0 patients,0.762
3281,11,Government - Local,0.762
5291,10,Acute Care Hospitals,0.762
1163,2,10061,0.762
4133,13,Pneumonia,0.762
9500,3,FEATHER RIVER HOSPITAL,0.762
9031,10,Acute Care Hospitals,0.762
1934,4,1330 HIGHWAY 231 SOUTH,0.762
664,10,Acute Care Hospitals,0.762
966,5,ENTERPRISE,0.762
3057,11,Voluntary non-profit - Private,0.762
7007,16,74%,0.762
5583,11,Voluntary non-profit - Other,0.761
6487,7,71923,0.761
8214,8,SACRAMENTO,0.761
5467,3,DREW MEMORIAL HOSPITAL,0.761
8219,6,CA,0.761
1271,10,Acute Care Hospitals,0.761
3355,16,97%,0.761
5330,6,AR,0.761
1936,3,TROY REGIONAL MEDICAL CENTER,0.761
7483,8,ORANGE,0.761
4965,8,PULASKI,0.761
9036,4,12401 E WASHINGTON BLVD,0.761
7051,10,Acute Care Hospitals,0.761
911,5,GADSDEN,0.761
7230,18,CA_SCIP-INF-6,0.761
771,18,AL_SCIP-INF-4,0.761
2726,4,2801 DEBARR ROAD,0.761
3747,5,SELLS,0.761
5548,17,18 patients,0.761
8068,6,CA,0.761
9893,13,Surgical Infection Prevention,0.761
9227,17,2 patients,0.761
5483,17,29 patients,0.761
9806,6,CA,0.761
9682,8,LOS ANGELES,0.761
9386,16,18%,0.761
691,8,JEFFERSON,0.761
9253,5,WATSONVILLE,0.761
5981,6,AR,0.761
6355,3,DE WITT HOSPITAL & NURSING HOME; INC,0.761
3917,7,85206,0.761
8822,17,1155 patients,0.761
661,13,Surgical Infection Prevention,0.76
3670,10,Acute Care Hospitals,0.76
7874,7,95204,0.76
9547,6,CA,0.76
1821,5,MOBILE,0.76
5789,3,HELENA REGIONAL MEDICAL CENTER,0.76
8630,15,all heart surgery patients whose blood sugar (blood glucose) is kept under good control in the days right after surgery,0.76
2247,8,MONTGOMERY,0.76
5021,6,AR,0.76
6770,17,40 patients,0.76
3515,8,MARICOPA,0.76
9247,3,SOUTH COAST MEDICAL CENTER,0.76
2942,8,PIMA,0.76
3933,6,AZ,0.76
9292,17,80 patients,0.76
2580,18,AL_CAC-1,0.76
492,8,CHEROKEE,0.76
6374,11,Voluntary non-profit - Church,0.76
6538,6,AR,0.76
4672,13,Surgical Infection Prevention,0.76
8893,12,Yes,0.76
4567,3,VA NORTHERN ARIZONA HEALTHCARE SYSTEM,0.76
2410,17,0 patients,0.76
2522,8,WASHINGTON,0.76
3249,3,JOHN C LINCOLN NORTH MOUNTAIN HOSPITAL,0.76
9190,3,ST MARY MEDICAL CENTER,0.76
4139,3,BANNER HEART HOSPITAL,0.76
1743,17,6 patients,0.76
3398,15,surgery patients whose preventive antibiotics were stopped at the right time (within 24 hours after surgery),0.76
7852,16,100%,0.76
4877,8,MARICOPA,0.76
648,4,209 NORTH MAIN STREET,0.76
4640,6,AZ,0.76
9656,7,92118,0.76
8270,7,90004,0.76
185,17,133 patients,0.76
6641,18,AR_SCIP-INF-6,0.76
5770,16,100%,0.76
9253,4,200 WEST ARBOR DRIVE,0.76
5266,7,72653,0.76
2635,17,2 patients,0.76
2568,10,Critical Access Hospitals,0.76
6919,5,LOS ANGELES,0.759
419,12,No,0.759
1927,17,0 patients,0.759
6002,9,5016241281,0.759
5330,8,PULASKI,0.759
954,8,BUTLER,0.759
3998,11,Voluntary non-profit - Private,0.759
6055,8,GARLAND,0.759
5308,7,72117,0.759
1887,12,Yes,0.759
8869,4,155 GLASSON WAY,0.759
9350,6,CA,0.759
7854,17,238 patients,0.759
2973,2,30007,0.759
5213,2,10019,0.759
9421,14,SCIP-INF-4,0.759
8559,3,TRI-CITY MEDICAL CENTER,0.759
7883,8,SAN JOAQUIN,0.759
4384,16,100%,0.759
4876,8,MARICOPA,0.759
5585,5,PINE BLUFF,0.759
3040,8,MARICOPA,0.759
4924,3,JOHNSON REGIONAL MEDICAL CENTER,0.759
4065,18,AZ_SCIP-VTE-2,0.759
6016,11,Proprietary,0.759
210,16,91%,0.759
735,11,Government - Hospital District or Authority,0.759
2522,10,Critical Access Hospitals,0.759
1235,3,FLORALA MEMORIAL HOSPITAL,0.759
2075,3,HILL HOSPITAL OF SUMTER COUNTY,0.759
7365,13,Surgical Infection Prevention,0.759
4832,10,Critical Access Hospitals,0.759
5050,12,Yes,0.759
8977,4,500 W HOSPITAL ROAD,0.759
139,8,CRENSHAW,0.759
6723,4,1501 TROUSDALE DRIVE,0.759
1844,8,JEFFERSON,0.759
8650,11,Voluntary non-profit - Other,0.759
6845,8,AMADOR,0.759
8559,8,SAN DIEGO,0.759
417,11,Voluntary non-profit - Other,0.759
7751,3,KAISER FOUNDATION HOSPITAL - SAN FRANCISCO,0.759
5826,17,75 patients,0.759
1025,3,GREENE COUNTY HOSPITAL,0.758
5015,4,2215 WILDWOOD AVENUE,0.758
9334,10,Acute Care Hospitals,0.758
4198,16,100%,0.758
6307,5,NASHVILLE,0.758
9498,10,Acute Care Hospitals,0.758
3348,16,84%,0.758
1675,9,2057833800,0.758
3776,11,Government - Federal,0.758
5756,12,No,0.758
139,16,100%,0.758
3160,9,5208733000,0.758
1934,8,PIKE,0.758
9099,12,Yes,0.758
771,8,CALHOUN,0.758
1396,11,Government - Hospital District or Authority,0.758
7230,8,IMPERIAL,0.758
6249,3,LAWRENCE MEMORIAL HOSPITAL,0.758
6674,6,CA,0.758
6477,3,BAPTIST HEALTH MED CTR-ARKADELPHIA,0.758
8687,11,Voluntary non-profit - Other,0.758
3647,9,9283484000,0.758
4478,17,5 patients,0.758
9579,8,ORANGE,0.758
9979,7,94578,0.758
6476,16,88%,0.758
5616,8,ARKANSAS,0.758
3936,11,Government - Hospital District or Authority,0.758
4023,4,5555 WEST THUNDERBIRD ROAD,0.758
8087,16,98%,0.758
9386,13,Pneumonia,0.758
2732,16,100%,0.758
2204,17,1 patients,0.758
5946,9,8709727000,0.758
8835,18,CA_HF-4,0.758
2257,16,98%,0.758
3453,8,MARICOPA,0.758
662,4,209 NORTH MAIN STREET,0.758
5792,8,PHILLIPS,0.758
2518,3,WASHINGTON COUNTY HOSPITAL,0.758
4616,5,BENSON,0.758
9937,5,PORTERVILLE,0.758
4659,17,1 patients,0.758
7103,8,SANTA CLARA,0.758
2398,11,Government - Hospital District or Authority,0.758
6408,11,Government - Local,0.758
6774,4,1000 TRANCAS ST,0.758
6019,10,Acute Care Hospitals,0.758
5308,5,NORTH LITTLE ROCK,0.758
2394,8,JEFFERSON,0.757
6654,16,100%,0.757
6969,3,PARADISE VALLEY HOSPITAL,0.757
4981,5,ROGERS,0.757
4697,10,Critical Access Hospitals,0.757
8784,11,Voluntary non-profit - Private,0.757
400,17,93 patients,0.757
4422,10,Acute Care Hospitals,0.757
9056,18,CA_AMI-8A,0.757
3525,6,AZ,0.757
7602,3,KAISER FOUNDATION HOSPITAL OAKLAND/RICHMOND,0.757
8403,13,Surgical Infection Prevention,0.757
6514,13,Surgical Infection Prevention,0.757
8893,13,Surgical Infection Prevention,0.757
7857,8,VENTURA,0.757
4265,4,475 SOUTH DOBSON ROAD,0.757
7230,5,EL CENTRO,0.757
977,4,400 N EDWARDS STREET,0.757
4825,3,CARONDELET HOLY CROSS HOSPITAL,0.757
9750,7,95065,0.757
1539,8,HALE,0.757
5046,8,WHITE,0.757
7479,3,ST JOSEPH HOSPITAL,0.757
7728,11,Voluntary non-profit - Church,0.757
6393,8,MISSISSIPPI,0.757
6534,17,15 patients,0.757
5266,13,Heart Failure,0.757
2726,17,7 patients,0.757
3726,17,0 patients,0.757
9166,17,35 patients,0.757
3989,9,6238795574,0.757
9253,10,Acute Care Hospitals,0.757
690,8,JEFFERSON,0.757
6002,4,1910 MALVERN AVENUE,0.757
8604,5,SAN BERNARDINO,0.757
6746,15,patients who got treatment  at the right time (within 24 hours before or after their surgery) to help prevent blood clots after certain types of surgery,0.757
9050,18,CA_AMI-1,0.757
6426,5,BOONEVILLE,0.757
5849,3,MEDICAL PARK HOSPITAL,0.757
3888,6,AZ,0.757
7040,16,67%,0.757
2448,5,ATMORE,0.757
8118,8,RIVERSIDE,0.757
4587,18,AZ_PN-2,0.757
7122,16,96%,0.757
6774,12,Yes,0.757
2542,3,RED BAY HOSPITAL,0.757
5466,16,95%,0.757
741,10,Acute Care Hospitals,0.757
9920,15,surgery patients whose preventive antibiotics were stopped at the right time (within 24 hours after surgery),0.757
4624,8,COCHISE,0.756
5559,16,43%,0.756
1152,11,Government - Hospital District or Authority,0.756
1920,16,67%,0.756
2036,4,101 SIVLEY RD,0.756
5021,5,DANVILLE,0.756
4960,12,Yes,0.756
781,17,135 patients,0.756
2699,16,91%,0.756
8935,5,ENCINO,0.756
5658,16,96%,0.756
5466,8,DREW,0.756
6697,17,64 patients,0.756
3515,17,0 patients,0.756
1235,8,COVINGTON,0.756
7470,8,STANISLAUS,0.756
3200,16,100%,0.756
4683,17,8 patients,0.756
1725,4,241 ROBERT K WILSON,0.756
5160,3,FORREST CITY MEDICAL CENTER,0.756
502,9,2569275531,0.756
9154,12,Yes,0.756
7051,8,BUTTE,0.756
6796,5,NAPA,0.756
9541,7,92801,0.756
176,11,Government - Hospital District or Authority,0.756
926,3,RIVERVIEW REGIONAL MEDICAL CENTER,0.756
5913,10,Acute Care Hospitals,0.756
6796,12,Yes,0.756
8287,11,Government - State,0.756
6307,13,Surgical Infection Prevention,0.756
5913,8,PULASKI,0.756
2591,10,Acute Care Hospitals,0.756
8854,4,155 GLASSON WAY,0.756
6835,16,96%,0.756
8671,11,Voluntary non-profit - Other,0.756
2409,5,PHENIX CITY,0.756
1092,8,JEFFERSON,0.756
7501,6,CA,0.756
69,12,Yes,0.756
218,3,ST VINCENT-S EAST,0.756
8935,8,LOS ANGELES,0.756
1266,17,60 patients,0.756
9164,10,Acute Care Hospitals,0.756
4017,11,Proprietary,0.756
7335,17,316 patients,0.756
1936,17,37 patients,0.756
9376,4,150 WEST ROUTE 66,0.756
8551,13,Surgical Infection Prevention,0.756
7702,8,SACRAMENTO,0.756
6393,6,AR,0.756
2036,17,119 patients,0.756
5466,7,71655,0.756
3919,4,6644 EAST BAYWOOD AVENUE,0.756
4265,8,MARICOPA,0.756
4265,5,CHANDLER,0.756
646,16,67%,0.756
8551,6,CA,0.756
8963,17,27 patients,0.756
8426,7,93230,0.756
3442,12,No,0.755
2699,9,9075436300,0.755
8378,3,NORTHRIDGE HOSPITAL MEDICAL CENTER,0.755
9192,4,1050 LINDEN AVE,0.755
9750,4,200 WEST ARBOR DRIVE,0.755
2398,12,Yes,0.755
5053,8,WHITE,0.755
9347,17,501 patients,0.755
8788,9,9094275500,0.755
8206,3,SUTTER GENERAL HOSPITAL,0.755
7615,5,UPLAND,0.755
1699,5,BIRMINGHAM,0.755
7852,5,OXNARD,0.755
8890,4,900 HYDE ST,0.755
7458,17,44 patients,0.755
2409,16,75%,0.755
4981,7,72758,0.755
9356,3,LANCASTER COMMUNITY HOSPITAL,0.755
5021,11,Voluntary non-profit - Other,0.755
686,17,350 patients,0.755
182,12,Yes,0.755
9500,8,BUTTE,0.755
8738,6,CA,0.755
887,12,Yes,0.755
317,15,Heart Attack Patients Given Smoking Cessation Advice/Counseling,0.755
5366,17,41 patients,0.755
4832,9,9284253261,0.755
9185,12,Yes,0.755
3036,11,Voluntary non-profit - Other,0.755
8738,10,Acute Care Hospitals,0.755
9626,16,100%,0.755
8267,11,Proprietary,0.755
8549,4,1325 COTTONWOOD STREET,0.755
8955,3,VENTURA COUNTY MEDICAL CENTER,0.755
7267,6,CA,0.755
6204,8,CROSS,0.755
2370,4,15155 HIGHWAY 43,0.755
9028,6,CA,0.755
8662,6,CA,0.755
8393,13,Pneumonia,0.755
6909,16,88%,0.755
6019,9,5012197000,0.755
6674,7,94545,0.755
7857,5,OXNARD,0.755
2401,10,Acute Care Hospitals,0.755
8604,4,1805 MEDICAL CENTER DRIVE,0.755
1017,8,GREENE,0.755
1567,3,ELMORE COMMUNITY HOSPITAL,0.755
1821,8,MOBILE,0.755
6641,10,Critical Access Hospitals,0.755
8701,6,CA,0.755
133,17,9 patients,0.755
8830,4,1401 SOUTH GRAND AVENUE,0.755
7338,7,93534,0.755
8671,2,50133,0.755
7602,7,94611,0.755
3139,12,Yes,0.755
1021,12,No,0.755
1499,2,10092,0.755
4250,3,ARIZONA ORTHOPEDIC SURGICAL HOSPITAL,0.755
9099,17,180 patients,0.755
2580,6,AL,0.755
9621,8,LOS ANGELES,0.755
4751,10,Critical Access Hospitals,0.755
271,11,Voluntary non-profit - Church,0.755
3186,11,Voluntary non-profit - Other,0.755
3202,8,YAVAPAI,0.755
9750,6,CA,0.754
8962,11,Government - Local,0.754
5722,16,98%,0.754
9036,17,108 patients,0.754
3856,9,9286747040,0.754
6499,10,Critical Access Hospitals,0.754
7052,10,Acute Care Hospitals,0.754
7365,3,KAWEAH DELTA MEDICAL CENTER,0.754
1300,12,No,0.754
9664,6,CA,0.754
6924,16,38%,0.754
3854,17,1 patients,0.754
9656,3,SHARP CORONADO HOSPITAL AND HLTHCR CTR,0.754
4411,16,94%,0.754
7165,10,Acute Care Hospitals,0.754
8537,17,5 patients,0.754
5366,9,4799682841,0.754
6641,4,2215 WILDWOOD AVENUE,0.754
638,11,Government - Hospital District or Authority,0.754
1821,11,Voluntary non-profit - Private,0.754
4191,8,MARICOPA,0.754
7857,3,ST JOHN-S REGIONAL MEDICAL CENTER,0.754
1280,5,EUFAULA,0.754
6499,11,Voluntary non-profit - Private,0.754
9190,5,LONG BEACH,0.754
3146,12,Yes,0.754
4133,7,85206,0.754
9621,13,Surgical Infection Prevention,0.754
271,10,Acute Care Hospitals,0.754
7555,2,50072,0.754
1738,4,241 ROBERT K WILSON,0.754
899,12,Yes,0.754
1558,12,Yes,0.754
6909,9,2136248411,0.754
5851,13,Pneumonia,0.754
5687,11,Proprietary,0.754
6025,12,Yes,0.754
2641,17,41 patients,0.754
5966,4,2215 WILDWOOD AVENUE,0.754
8735,9,3237834011,0.754
7175,5,RED BLUFF,0.754
1844,17,202 patients,0.754
107,10,Acute Care Hospitals,0.754
4876,6,AZ,0.754
3683,9,9288558185,0.754
8254,4,508 E HICKORY AVE,0.754
3419,4,475 SOUTH DOBSON ROAD,0.754
8840,11,Voluntary non-profit - Other,0.754
1163,11,Government - Hospital District or Authority,0.754
8962,13,Pneumonia,0.754
6306,3,HOWARD MEMORIAL HOSPITAL,0.754
1034,8,TALLAPOOSA,0.754
6921,3,PACIFIC ALLIANCE MEDICAL CENTER,0.754
8713,4,13652 CANTARA ST,0.754
3619,16,100%,0.754
974,10,Acute Care Hospitals,0.754
9547,16,100%,0.754
3057,17,31 patients,0.754
257,8,CLARKE,0.754
2370,17,108 patients,0.754
4989,6,AR,0.754
8784,4,200 WEST ARBOR DRIVE,0.754
2542,4,211 HOSPITAL ROAD,0.754
9955,17,0 patients,0.754
3419,8,MARICOPA,0.754
7388,18,CA_SCIP-CARD-2,0.754
3647,12,No,0.754
2624,11,Voluntary non-profit - Private,0.754
6876,12,Yes,0.754
9632,9,8055435353,0.754
9465,7,91911,0.754
3780,5,SAN CARLOS,0.754
5023,17,17 patients,0.754
7934,6,CA,0.753
6075,7,72118,0.753
3856,16,77%,0.753
7139,7,91342,0.753
1673,5,BIRMINGHAM,0.753
5510,3,ST EDWARD MERCY MEDICAL CENTER,0.753
1107,12,Yes,0.753
7141,3,LAC/OLIVE VIEW-UCLA MEDICAL CENTER,0.753
5483,16,100%,0.753
4422,9,4803586100,0.753
126,18,AL_AMI-8A,0.753
5583,9,8708387300,0.753
8621,10,Acute Care Hospitals,0.753
9619,9,9098659500,0.753
1434,12,Yes,0.753
8955,9,8056526075,0.753
1126,4,208 PIERSON AVE,0.753
8165,7,90262,0.753
8829,11,Voluntary non-profit - Other,0.753
8477,9,8187907100,0.753
8835,8,LOS ANGELES,0.753
4908,11,Voluntary non-profit - Private,0.753
8215,13,Heart Failure,0.753
837,4,1010 LAY DAM ROAD,0.753
901,16,100%,0.753
9906,5,FRESNO,0.753
2580,5,MOBILE,0.753
7948,3,COMMUNITY AND MISSION  HOSPITAL OF HUNTINGTON PARK,0.753
4919,3,JOHNSON REGIONAL MEDICAL CENTER,0.753
2027,16,95%,0.753
6002,11,Voluntary non-profit - Private,0.753
1476,5,GROVE HILL,0.753
7934,7,95476,0.753
3644,12,No,0.753
9267,10,Acute Care Hospitals,0.753
7883,17,127 patients,0.753
8432,5,STOCKTON,0.753
4035,4,5555 WEST THUNDERBIRD ROAD,0.753
7552,11,Voluntary non-profit - Other,0.753
3099,4,2215 WILDWOOD AVENUE,0.753
3850,12,Yes,0.753
5414,9,8708926000,0.753
1021,17,17 patients,0.753
4751,5,WINSLOW,0.753
9227,16,100%,0.753
5046,3,WHITE COUNTY MEDICAL CENTER,0.753
1300,7,36251,0.753
1558,8,ELMORE,0.753
9232,17,39 patients,0.753
4265,7,85225,0.753
1573,12,Yes,0.753
4975,12,Yes,0.753
9626,4,1911 JOHNSON AVE,0.753
6477,16,94%,0.753
7973,11,Voluntary non-profit - Church,0.753
646,17,3 patients,0.753
1573,10,Acute Care Hospitals,0.753
8274,13,Surgical Infection Prevention,0.753
5953,10,Acute Care Hospitals,0.753
9195,3,ST MARY MEDICAL CENTER,0.753
3028,16,100%,0.753
5658,18,AR_SCIP-VTE-1,0.753
7353,4,400 W MINERAL KING AVE,0.753
2335,17,6 patients,0.753
5291,11,Voluntary non-profit - Private,0.753
690,17,230 patients,0.753
3515,10,Acute Care Hospitals,0.753
3428,12,No,0.753
7109,6,CA,0.753
6408,8,DALLAS,0.753
5687,10,Acute Care Hospitals,0.753
6221,17,0 patients,0.753
3625,12,Yes,0.753
2847,17,0 patients,0.753
1318,12,Yes,0.753
1318,16,93%,0.753
8840,6,CA,0.753
6963,9,6194704321,0.753
7751,4,2333 BUCHANAN STREET,0.753
6589,11,Voluntary non-profit - Private,0.753
9072,11,Government - State,0.753
4138,3,BANNER HEART HOSPITAL,0.753
8191,9,8057393000,0.753
8686,5,PETALUMA,0.753
1017,11,Government - Local,0.753
400,7,36067,0.753
5981,11,Voluntary non-profit - Private,0.753
8948,9,8189955000,0.753
8378,16,100%,0.752
6601,4,2215 WILDWOOD AVENUE,0.752
5966,17,24 patients,0.752
9256,18,CA_AMI-8A,0.752
4719,11,Government - Federal,0.752
3089,12,Yes,0.752
3804,8,MARICOPA,0.752
6905,2,50018,0.752
1675,3,PRINCETON BAPTIST MEDICAL CENTER,0.752
258,7,36784,0.752
4192,13,Surgical Infection Prevention,0.752
3112,8,VAN BUREN,0.752
1743,4,241 ROBERT K WILSON,0.752
9448,7,90650,0.752
4965,17,221 patients,0.752
9453,16,96%,0.752
8741,5,LOS ANGELES,0.752
4925,12,Yes,0.752
8513,3,VALLEY PRESBYTERIAN HOSPITAL,0.752
3674,11,Proprietary,0.752
7126,5,CHICO,0.752
3936,8,MARICOPA,0.752
3776,10,Acute Care Hospitals,0.752
8273,5,LOS ANGELES,0.752
3950,16,99%,0.752
2252,12,No,0.752
3573,10,Acute Care Hospitals,0.752
6922,17,23 patients,0.752
6204,7,72396,0.752
7819,2,50078,0.752
5366,5,RUSSELLVILLE,0.752
7479,12,Yes,0.752
3784,13,Surgical Infection Prevention,0.752
9629,10,Acute Care Hospitals,0.752
9547,7,92801,0.752
5196,18,AR_PN-5C,0.752
3028,17,8 patients,0.752
5851,17,77 patients,0.752
7973,8,FRESNO,0.752
2313,11,Government - State,0.752
5395,8,CRITTENDEN,0.752
8278,10,Acute Care Hospitals,0.752
6723,8,SAN MATEO,0.752
2204,11,Proprietary,0.752
9500,9,5308779361,0.752
8821,6,CA,0.752
6408,13,Pneumonia,0.752
6499,17,0 patients,0.752
4266,15,all heart surgery patients whose blood sugar (blood glucose) is kept under good control in the days right after surgery,0.752
837,8,CHILTON,0.752
8537,6,CA,0.752
3238,17,50 patients,0.752
7004,11,Voluntary non-profit - Private,0.752
4138,6,AZ,0.752
1371,2,10083,0.752
2877,17,18 patients,0.752
4340,10,Acute Care Hospitals,0.752
7434,2,50063,0.752
210,11,Voluntary non-profit - Private,0.752
9664,15,Pneumonia Patients Given Initial Antibiotic(s) within 6 Hours After Arrival,0.752
456,17,192 patients,0.752
7126,4,200 WEST ARBOR DRIVE,0.752
2189,17,93 patients,0.752
3389,16,98%,0.752
8480,6,CA,0.752
4324,13,Heart Attack,0.752
1743,15,surgery patients who were given an antibiotic at the right time (within one hour before surgery) to help prevent infection,0.752
6762,6,CA,0.752
3913,17,731 patients,0.752
691,15,patients who got treatment  at the right time (within 24 hours before or after their surgery) to help prevent blood clots after certain types of surgery,0.752
7838,15,Pneumonia Patients Assessed and Given Influenza Vaccination,0.752
7607,7,94611,0.752
1092,3,ST VINCENTS HOSPITAL,0.752
7044,12,Yes,0.752
4743,6,AZ,0.752
9195,11,Voluntary non-profit - Church,0.752
2563,16,79%,0.752
5966,16,79%,0.752
4697,13,Surgical Infection Prevention,0.752
3856,12,Yes,0.752
7900,12,Yes,0.752
5185,12,Yes,0.752
9578,5,GARDEN GROVE,0.752
2624,15,Pneumonia Patients Assessed and Given Influenza Vaccination,0.752
7052,16,98%,0.752
1388,12,Yes,0.752
9376,3,EAST VALLEY HOSPITAL MEDICAL CENTER,0.752
4331,10,Acute Care Hospitals,0.752
3776,8,GILA,0.752
5887,4,TWO ST VINCENT CIRCLE,0.751
5023,12,Yes,0.751
4981,16,89%,0.751
5053,15,patients who got treatment  at the right time (within 24 hours before or after their surgery) to help prevent blood clots after certain types of surgery,0.751
3919,2,10019,0.751
5933,5,LITTLE ROCK,0.751
2448,12,No,0.751
6969,6,CA,0.751
6790,6,CA,0.751
5913,17,192 patients,0.751
1743,18,AL_SCIP-INF-1,0.751
5756,11,Government - Local,0.751
9502,7,95969,0.751
3775,10,Acute Care Hospitals,0.751
5617,12,Yes,0.751
4411,10,Acute Care Hospitals,0.751
2502,18,AL_SCIP-INF-6,0.751
6553,5,DUMAS,0.751
735,13,Surgical Infection Prevention,0.751
4377,9,4807288327,0.751
2877,5,HOMER,0.751
7973,10,Acute Care Hospitals,0.751
327,10,Acute Care Hospitals,0.751
456,10,Acute Care Hospitals,0.751
3453,18,AZ_AMI-1,0.751
6221,8,DESHA,0.751
3647,17,0 patients,0.751
1675,18,AL_AMI-7A,0.751
5613,17,1 patients,0.751
9920,6,CA,0.751
4719,10,Critical Access Hospitals,0.751
4778,5,BISBEE,0.751
4657,12,No,0.751
2075,11,Voluntary non-profit - Other,0.751
9022,12,Yes,0.751
8168,17,181 patients,0.751
3322,8,COCONINO,0.751
3139,17,318 patients,0.751
9464,8,SAN DIEGO,0.751
2011,17,73 patients,0.751
5405,12,Yes,0.751
5414,8,RANDOLPH,0.751
8051,2,50099,0.751
456,4,1300 SOUTH MONTGOMERY AVENUE,0.751
31,16,93%,0.751
5278,3,BAXTER REGIONAL MEDICAL CENTER,0.751
9292,12,Yes,0.751
8738,16,100%,0.751
8307,2,10009,0.751
9356,7,93534,0.751
6204,16,99%,0.751
2448,7,36502,0.751
690,16,79%,0.751
7819,16,99%,0.751
5774,7,72015,0.751
861,5,HAMILTON,0.751
4035,5,GLENDALE,0.751
1175,7,35768,0.751
944,12,No,0.751
5145,2,40018,0.751
3525,12,Yes,0.751
8393,3,DOCTORS HOSPITAL OF MANTECA,0.751
8830,8,LOS ANGELES,0.751
5770,11,Voluntary non-profit - Private,0.751
7230,17,376 patients,0.751
5197,6,AR,0.751
8821,11,Voluntary non-profit - Private,0.751
3200,11,Voluntary non-profit - Other,0.751
2027,17,20 patients,0.751
5887,8,PULASKI,0.751
9154,9,8313856000,0.751
735,8,CULLMAN,0.751
977,17,0 patients,0.751
9050,6,CA,0.751
3232,3,JOHN C LINCOLN NORTH MOUNTAIN HOSPITAL,0.751
6378,5,OSCEOLA,0.751
583,4,4800 48TH ST,0.751
6249,5,WALNUT RIDGE,0.751
8296,5,SANTA MONICA,0.751
1300,5,ASHLAND,0.751
8421,11,Voluntary non-profit - Church,0.751
9955,13,Heart Attack,0.751
8738,7,90027,0.751
9421,8,ALAMEDA,0.751
5455,8,OUACHITA,0.751
8270,5,LOS ANGELES,0.751
1163,4,380 WOODS COVE ROAD,0.751
1723,10,Acute Care Hospitals,0.751
4567,5,PRESCOTT,0.751
4551,6,AZ,0.751
9103,10,Acute Care Hospitals,0.751
8914,4,751 SOUTH BASCOM AVENUE,0.751
4593,2,31300,0.751
530,10,Acute Care Hospitals,0.751
3552,9,9285374375,0.751
7761,10,Acute Care Hospitals,0.751
502,11,Voluntary non-profit - Private,0.751
9232,12,Yes,0.751
2448,9,2513682500,0.751
4965,11,Voluntary non-profit - Church,0.751
9464,17,271 patients,0.751
9610,12,Yes,0.751
5717,8,JACKSON,0.751
9541,6,CA,0.751
7789,13,Surgical Infection Prevention,0.751
8011,12,No,0.751
8935,11,Proprietary,0.75
941,4,515 MIRANDA ST,0.75
9099,14,SCIP-VTE-2,0.75
3983,17,75 patients,0.75
2827,10,Critical Access Hospitals,0.75
7672,5,ANAHEIM,0.75
1104,4,810 ST VINCENTS DRIVE,0.75
9440,12,Yes,0.75
9198,3,ST MARY MEDICAL CENTER,0.75
8698,3,PETALUMA VALLEY HOSPITAL,0.75
3734,6,AZ,0.75
1235,10,Acute Care Hospitals,0.75
823,8,ETOWAH,0.75
691,3,UNIVERSITY OF ALABAMA HOSPITAL,0.75
7126,9,5303327300,0.75
4411,12,Yes,0.75
8014,6,CA,0.75
6835,12,Yes,0.75
5706,16,93%,0.75
7555,16,100%,0.75
4975,4,TWO ST VINCENT CIRCLE,0.75
3089,3,ARKANSAS HEART HOSPITAL,0.75
2784,11,Voluntary non-profit - Other,0.75
831,11,Voluntary non-profit - Private,0.75
1544,12,No,0.75
3950,11,Government - Hospital District or Authority,0.75
8171,18,CA_PN-6,0.75
2027,12,Yes,0.75
7104,14,SCIP-INF-4,0.75
4866,18,AZ_PN-6,0.75
8914,18,CA_PN-5C,0.75
8559,4,4002 VISTA WAY,0.75
4719,13,Surgical Infection Prevention,0.75
8215,12,Yes,0.75
6924,12,Yes,0.75
7488,2,50069,0.75
7171,16,100%,0.75
7175,8,TEHAMA,0.75
3451,5,PHOENIX,0.75
8840,7,90015,0.75
417,9,2562495000,0.75
7126,3,ENLOE MEDICAL CENTER,0.75
7165,11,Voluntary non-profit - Church,0.75
6745,18,CA_SCIP-VTE-1,0.75
6589,15,surgery patients whose preventive antibiotics were stopped at the right time (within 24 hours after surgery),0.75
1513,16,98%,0.75
2594,9,9072613675,0.75
367,5,WINFIELD,0.75
9103,11,Voluntary non-profit - Church,0.75
9632,5,SAN LUIS OBISPO,0.75
1456,4,6801 AIRPORT BOULEVARD,0.75
8788,12,No,0.75
5727,3,HARRIS HOSPITAL,0.75
2348,3,SHOALS HOSPITAL,0.75
3294,9,6023445011,0.75
2989,16,96%,0.75
6036,7,72120,0.75
6145,18,AR_AMI-7A,0.75
271,16,97%,0.75
1539,11,Voluntary non-profit - Other,0.75
8650,16,66%,0.75
4250,5,CHANDLER,0.75
4640,15,Pneumonia Patients Given Initial Antibiotic(s) within 6 Hours After Arrival,0.75
4102,10,Acute Care Hospitals,0.75
781,12,Yes,0.75
735,4,1912 ALABAMA HIGHWAY 157,0.75
1711,5,BIRMINGHAM,0.75
290,4,1000 FIRST STREET NORTH,0.75
9502,17,6 patients,0.75
489,3,DALE MEDICAL CENTER,0.75
4826,18,AZ_AMI-1,0.75
3586,3,UNIVERSITY MEDICAL CENTER,0.75
7353,6,CA,0.75
9334,17,46 patients,0.75
9795,10,Acute Care Hospitals,0.75
1163,3,HIGHLANDS MEDICAL CENTER,0.75
8665,17,23 patients,0.75
2398,3,UAB HIGHLANDS,0.75
9894,3,GOOD SAMARITAN HOSPITAL,0.75
5613,5,STUTTGART,0.75
5940,2,10008,0.75
4981,12,Yes,0.75
7838,13,Pneumonia,0.75
9583,17,114 patients,0.75
2215,12,No,0.75
1594,15,patients who got treatment  at the right time (within 24 hours before or after their surgery) to help prevent blood clots after certain types of surgery,0.75
5065,7,71953,0.75
6487,11,Voluntary non-profit - Other,0.75
36,4,1108 ROSS CLARK CIRCLE,0.75
1422,17,6 patients,0.75
8962,3,VENTURA COUNTY MEDICAL CENTER,0.75
3047,17,225 patients,0.75
8892,4,900 HYDE ST,0.75
9193,4,1050 LINDEN AVE,0.75
8356,10,Acute Care Hospitals,0.75
3023,16,86%,0.75
1997,4,1815 HAND AVENUE,0.75
5196,3,ST BERNARDS MEDICAL CTR,0.75
69,11,Government - Hospital District or Authority,0.75
4624,5,BENSON,0.75
2847,10,Critical Access Hospitals,0.75
7852,12,No,0.75
3300,11,Government - Local,0.75
456,3,HELEN KELLER MEMORIAL HOSPITAL,0.75
8738,5,LOS ANGELES,0.75
1709,17,133 patients,0.75
8741,17,80 patients,0.75
8840,8,LOS ANGELES,0.75
5335,4,2215 WILDWOOD AVENUE,0.75
7969,7,90255,0.749
2580,8,MOBILE,0.749
7257,11,Proprietary,0.749
8287,6,CA,0.749
4981,9,4793388000,0.749
7470,16,75%,0.749
8477,12,Yes,0.749
4222,12,Yes,0.749
8270,17,18 patients,0.749
9376,7,91740,0.749
2401,17,0 patients,0.749
4904,10,Acute Care Hospitals,0.749
9185,5,LONG BEACH,0.749
9356,11,Proprietary,0.749
4603,11,Government - Hospital District or Authority,0.749
6398,17,0 patients,0.749
8118,9,9516882211,0.749
1318,8,CALHOUN,0.749
5510,18,AR_AMI-1,0.749
2279,4,29 L V STABLER DRIVE,0.749
5933,18,AR_SCIP-VTE-1,0.749
7388,10,Acute Care Hospitals,0.749
3936,18,AZ_SCIP-INF-3,0.749
977,8,COFFEE,0.749
5617,16,83%,0.749
2260,8,JEFFERSON,0.749
6249,9,8708861200,0.749
6681,6,CA,0.749
1472,17,0 patients,0.749
5425,13,Surgical Infection Prevention,0.749
9894,8,KERN,0.749
3117,16,87%,0.749
2313,10,Acute Care Hospitals,0.749
1049,3,LAKE MARTIN COMMUNITY HOSPITAL,0.749
3139,8,SAN DIEGO,0.749
4191,2,30108,0.749
172,4,8000 ALABAMA HIGHWAY 69,0.749
7501,11,Voluntary non-profit - Other,0.749
6145,12,No,0.749
8662,3,RIDEOUT MEMORIAL HOSPITAL,0.749
6393,4,2215 WILDWOOD AVENUE,0.749
3747,12,Yes,0.749
4331,16,92%,0.749
4562,13,Pneumonia,0.749
3919,16,100%,0.749
8687,8,SONOMA,0.749
5169,11,Proprietary,0.749
5981,12,Yes,0.749
107,12,No,0.749
4340,16,87%,0.749
7699,2,50478,0.749
2542,16,100%,0.749
4989,7,72758,0.749
2861,16,91%,0.749
8948,16,96%,0.749
5849,11,Proprietary,0.749
4411,7,85209,0.749
7335,15,Pneumonia Patients Given Initial Antibiotic(s) within 6 Hours After Arrival,0.749
6307,3,HOWARD MEMORIAL HOSPITAL,0.749
1673,16,100%,0.749
7615,17,96 patients,0.749
8687,12,Yes,0.749
3442,7,85006,0.749
9347,9,6503675551,0.749
3249,12,Yes,0.749
6475,10,Critical Access Hospitals,0.749
3660,17,124 patients,0.749
8893,4,CASTRO  DUBOCE STS,0.749
2784,12,No,0.749
1042,13,Pneumonia,0.749
1594,17,64 patients,0.749
8876,16,100%,0.749
7141,11,Government - Local,0.749
8718,4,13652 CANTARA ST,0.749
5219,2,40022,0.749
9453,10,Acute Care Hospitals,0.749
2062,12,No,0.749
9192,10,Acute Care Hospitals,0.749
6087,10,Acute Care Hospitals,0.749
9563,5,SAN FRANCISCO,0.749
8496,8,SANTA CLARA,0.749
2330,3,SHOALS HOSPITAL,0.749
4133,10,Acute Care Hospitals,0.749
6589,8,BRADLEY,0.749
7483,11,Voluntary non-profit - Church,0.749
3933,3,BANNER BAYWOOD MEDICAL CENTER,0.749
5313,8,PULASKI,0.749
3471,8,MARICOPA,0.749
4675,3,SOUTHEAST ARIZONA MEDICAL CENTER,0.749
5912,8,PULASKI,0.749
2725,10,Acute Care Hospitals,0.749
8862,11,Voluntary non-profit - Other,0.749
899,11,Voluntary non-profit - Other,0.749
5268,13,Pneumonia,0.749
9198,4,1050 LINDEN AVE,0.749
3670,8,MOHAVE,0.749
8687,17,102 patients,0.749
1974,12,Yes,0.749
3663,6,AZ,0.749
6145,17,0 patients,0.749
8171,17,107 patients,0.749
3494,11,Government - Hospital District or Authority,0.749
4657,3,SOUTHEAST ARIZONA MEDICAL CENTER,0.749
8513,8,LOS ANGELES,0.749
1885,3,MONROE COUNTY HOSPITAL,0.749
5613,12,Yes,0.749
3096,17,8 patients,0.749
9166,2,50189,0.749
3770,12,Yes,0.749
6589,3,BRADLEY COUNTY MEDICAL CENTER,0.749
7257,6,CA,0.749
9028,5,WHITTIER,0.749
4274,3,ORO VALLEY HOSPITAL,0.749
7335,3,ANTELOPE VALLEY HOSPITAL MED CENTER,0.749
5617,18,AR_HF-1,0.749
3348,8,MARICOPA,0.749
210,17,112 patients,0.749
3804,12,Yes,0.749
7052,12,Yes,0.749
1182,5,SCOTTSBORO,0.749
5405,5,WEST MEMPHIS,0.749
6333,18,AR_SCIP-INF-1,0.749
2008,4,2805 DR JOHN HAYNES DRIVE,0.749
3428,7,85006,0.749
8477,11,Voluntary non-profit - Other,0.749
5722,10,Acute Care Hospitals,0.749
8549,17,56 patients,0.748
8840,5,LOS ANGELES,0.748
3522,11,Voluntary non-profit - Other,0.748
6184,5,WALDRON,0.748
5169,16,92%,0.748
4065,16,64%,0.748
8174,10,Acute Care Hospitals,0.748
4192,12,No,0.748
1738,7,35447,0.748
8490,5,SAN JOSE,0.748
7644,8,LOS ANGELES,0.748
9502,5,PARADISE,0.748
6969,10,Acute Care Hospitals,0.748
5455,7,71701,0.748
4924,11,Voluntary non-profit - Private,0.748
6307,8,HOWARD,0.748
8955,7,93003,0.748
2269,12,No,0.748
3811,8,MARICOPA,0.748
6512,13,Surgical Infection Prevention,0.748
2269,10,Acute Care - VA Medical Center,0.748
1118,10,Acute Care Hospitals,0.748
4768,9,9282894691,0.748
1558,3,ELMORE COMMUNITY HOSPITAL,0.748
1034,10,Acute Care Hospitals,0.748
2522,3,WASHINGTON COUNTY HOSPITAL,0.748
3444,12,No,0.748
7353,8,TULARE,0.748
8165,3,SAINT FRANCIS MEDICAL CENTER,0.748
8830,17,2 patients,0.748
5169,3,FORREST CITY MEDICAL CENTER,0.748
2215,2,10148,0.748
2861,10,Critical Access Hospitals,0.748
9500,4,5974 PENTZ ROAD,0.748
2817,10,Critical Access Hospitals,0.748
7548,5,WALNUT CREEK,0.748
3247,13,Surgical Infection Prevention,0.748
2563,3,RANDOLPH MEDICAL CENTER,0.748
4139,7,85206,0.748
2905,2,30001,0.748
4603,7,85602,0.748
8202,2,50107,0.748
4229,8,PIMA,0.748
7044,13,Pneumonia,0.748
2905,9,6238485000,0.748
8241,16,100%,0.748
4183,7,85015,0.748
1673,12,Yes,0.748
1282,5,EUFAULA,0.748
5366,4,15155 HIGHWAY 43,0.748
3232,10,Acute Care Hospitals,0.748
7352,5,VISALIA,0.748
7607,2,50075,0.748
9916,12,No,0.748
3400,8,GILA,0.748
5330,17,356 patients,0.748
2370,5,RUSSELLVILLE,0.748
4965,13,Pneumonia,0.748
9498,12,Yes,0.748
2084,18,AL_HF-3,0.748
4229,6,AZ,0.748
1927,3,TROY REGIONAL MEDICAL CENTER,0.748
7257,10,Acute Care Hospitals,0.748
6036,14,SCIP-INF-4,0.748
8551,9,5306623961,0.748
2313,5,MOBILE,0.748
6184,13,Surgical Infection Prevention,0.748
9019,6,CA,0.748
4866,10,Critical Access Hospitals,0.748
4434,17,190 patients,0.748
3014,18,AZ_SCIP-VTE-1,0.748
8701,16,97%,0.748
5375,17,336 patients,0.748
1017,16,6%,0.748
9541,12,Yes,0.748
741,8,CULLMAN,0.748
2591,2,20001,0.748
8797,4,200 WEST ARBOR DRIVE,0.748
5154,12,Yes,0.748
1936,5,TROY,0.748
6832,4,200 MISSION BLVD,0.748
9386,5,GLENDORA,0.748
6610,5,LAKE VILLAGE,0.748
9600,17,193 patients,0.748
6333,10,Critical Access Hospitals,0.748
133,8,CRENSHAW,0.748
9198,10,Acute Care Hospitals,0.748
6549,3,DELTA MEMORIAL HOSPITAL,0.748
1998,12,No,0.748
4266,12,No,0.748
9050,11,Government - State,0.748
8741,3,KAISER FOUNDATION HOSPITAL - LOS ANGELES,0.748
9718,4,300 W HUNTINGTON DR,0.748
8490,12,Yes,0.748
4738,9,9287554500,0.748
6113,4,3215 N NORTH HILLS BLVD,0.748
8854,3,SIERRA NEVADA MEMORIAL HOSPITAL,0.748
6212,10,Critical Access Hospitals,0.748
7004,17,134 patients,0.748
9913,12,No,0.748
7241,7,93023,0.748
210,12,Yes,0.748
2075,12,Yes,0.748
1318,11,Government - Local,0.748
844,15,Pneumonia Patients Assessed and Given Influenza Vaccination,0.748
9378,6,CA,0.748
9563,11,Government - Local,0.748
5335,11,Voluntary non-profit - Private,0.748
6288,12,Yes,0.748
5335,17,56 patients,0.748
8987,13,Pneumonia,0.748
2409,4,4401 RIVER CHASE DRIVE,0.748
8604,6,CA,0.748
4135,4,6644 EAST BAYWOOD AVENUE,0.748
4192,3,SURGICAL SPECIALTY HOSPITAL OF ARIZONA,0.748
940,8,BUTLER,0.748
8797,13,Surgical Infection Prevention,0.748
8202,10,Acute Care Hospitals,0.748
8559,10,Acute Care Hospitals,0.748
25,17,0 patients,0.748
8393,11,Proprietary,0.748
8761,4,9333 IMPERIAL HIGHWAY,0.748
3191,13,Pneumonia,0.748
9979,5,SAN LEANDRO,0.748
3780,8,GILA,0.748
1725,11,Voluntary non-profit - Other,0.748
4672,2,31303,0.748
4562,2,03033F,0.748
6355,12,No,0.748
9546,15,all heart surgery patients whose blood sugar (blood glucose) is kept under good control in the days right after surgery,0.748
5894,16,94%,0.748
5521,6,AR,0.748
9574,13,Surgical Infection Prevention,0.748
3983,12,Yes,0.748
3772,8,GILA,0.748
3770,5,SAN CARLOS,0.748
2641,12,Yes,0.748
9072,7,92804,0.748
9600,9,9098659500,0.748
7434,17,22 patients,0.748
4222,17,21 patients,0.748
7040,17,171 patients,0.748
8287,16,56%,0.748
5826,10,Acute Care Hospitals,0.748
5375,12,Yes,0.748
2247,5,MONTGOMERY,0.748
8296,4,1250 16TH STREET,0.748
686,4,1720 UNIVERSITY BLVD,0.747
5744,4,2215 WILDWOOD AVENUE,0.747
4539,7,85723,0.747
8630,13,Surgical Infection Prevention,0.747
5438,17,0 patients,0.747
1723,5,PRATTVILLE,0.747
3913,13,Surgical Infection Prevention,0.747
3146,3,SAN GORGONIO MEMORIAL HOSPITAL,0.747
2428,3,SUMMIT HOSPITAL,0.747
9292,18,CA_SCIP-CARD-2,0.747
9920,7,93703,0.747
3747,4,PO BOX 548,0.747
1152,18,AL_SCIP-INF-1,0.747
4017,9,6235611000,0.747
4539,5,TUCSON,0.747
150,10,Acute Care Hospitals,0.747
1723,8,AUTAUGA,0.747
9216,2,50192,0.747
1306,5,ASHLAND,0.747
6589,14,SCIP-INF-3,0.747
3466,12,Yes,0.747
2413,17,46 patients,0.747
6774,7,94558,0.747
8499,10,Acute Care Hospitals,0.747
8110,9,9516882211,0.747
7501,5,SOUTH SAN FRANCISCO,0.747
9253,17,3 patients,0.747
3878,12,Yes,0.747
2278,5,GREENVILLE,0.747
8014,11,Proprietary,0.747
7595,12,Yes,0.747
4593,3,WICKENBURG COMMUNITY HOSPITAL,0.747
4266,9,4806039000,0.747
1104,8,JEFFERSON,0.747
2563,11,Government - Hospital District or Authority,0.747
9386,7,91740,0.747
9216,7,93654,0.747
8184,5,SANTA MARIA,0.747
7257,16,67%,0.747
4133,8,MARICOPA,0.747
5846,3,MEDICAL PARK HOSPITAL,0.747
8493,12,Yes,0.747
5053,6,AR,0.747
5366,7,72801,0.747
8296,17,38 patients,0.747
940,10,Acute Care Hospitals,0.747
5953,16,88%,0.747
6790,11,Voluntary non-profit - Church,0.747
2458,5,MONTGOMERY,0.747
8265,8,LOS ANGELES,0.747
1887,3,MONROE COUNTY HOSPITAL,0.747
8214,7,95816,0.747
8202,14,SCIP-INF-4,0.747
8014,7,94546,0.747
8274,17,4 patients,0.747
8963,13,Pneumonia,0.747
6429,5,BOONEVILLE,0.747
3419,5,CHANDLER,0.747
5947,6,AR,0.747
1042,17,20 patients,0.747
2064,12,No,0.747
6641,6,AR,0.747
6070,8,PULASKI,0.747
7007,17,380 patients,0.747
4340,5,FORT MOHAVE,0.747
8963,12,Yes,0.747
2980,15,Pneumonia Patients Given Initial Antibiotic(s) within 6 Hours After Arrival,0.747
9036,11,Voluntary non-profit - Private,0.747
1601,8,BALDWIN,0.747
9718,2,50238,0.747
4135,17,1 patients,0.747
7044,10,Acute Care Hospitals,0.747
7969,13,Surgical Infection Prevention,0.747
9498,7,92663,0.747
2942,12,Yes,0.747
3944,17,93 patients,0.747
6790,16,98%,0.747
5277,7,72653,0.747
436,4,2801 DEBARR ROAD,0.747
3139,16,97%,0.747
6746,5,BURLINGAME,0.747
3117,12,Yes,0.747
9969,3,RONALD REAGAN UCLA MEDICAL CENTER,0.747
1743,5,CARROLLTON,0.747
9267,6,CA,0.747
3724,7,86045,0.747
7470,14,SCIP-VTE-2,0.747
8432,12,Yes,0.747
2814,8,SITKA,0.747
6403,11,Government - Local,0.747
3683,2,30069,0.747
9578,12,Yes,0.747
9960,3,RONALD REAGAN UCLA MEDICAL CENTER,0.747
858,12,Yes,0.747
2105,4,2010 BROOKWOOD MEDICAL CENTER DRIVE,0.747
8118,10,Acute Care Hospitals,0.747
3811,12,Yes,0.747
1570,8,ESCAMBIA,0.747
7699,8,SANTA BARBARA,0.747
6819,7,94574,0.747
2459,8,MONTGOMERY,0.747
3772,11,Government - Federal,0.747
6295,7,71852,0.747
5015,17,54 patients,0.747
3040,3,ARIZONA HEART HOSPITAL,0.747
9563,17,124 patients,0.747
4919,4,1100 EAST POPLAR STREET,0.747
8191,11,Voluntary non-profit - Church,0.747
3913,4,7400 EAST OSBORN ROAD,0.747
8271,12,No,0.747
6641,8,CARROLL,0.747
7854,8,VENTURA,0.747
6770,10,Acute Care Hospitals,0.747
3917,17,28 patients,0.747
9574,18,CA_SCIP-VTE-2,0.747
8955,8,VENTURA,0.747
890,12,Yes,0.747
288,12,Yes,0.747
8893,9,4157754321,0.747
8362,3,NORTHRIDGE HOSPITAL MEDICAL CENTER,0.747
7579,11,Voluntary non-profit - Other,0.747
1721,5,PRATTVILLE,0.747
9164,11,Voluntary non-profit - Other,0.747
7595,6,CA,0.747
1920,8,WINSTON,0.747
7126,6,CA,0.747
5617,9,8706733511,0.747
290,3,SHELBY BAPTIST MEDICAL CENTER,0.747
3322,13,Surgical Infection Prevention,0.747
2410,4,4401 RIVER CHASE DRIVE,0.747
3711,10,Acute Care Hospitals,0.747
9750,5,SANTA CRUZ,0.747
974,12,Yes,0.747
7376,3,GLENDALE MEM HOSPITAL & HLTH CENTER,0.747
8303,13,Surgical Infection Prevention,0.747
8929,6,CA,0.747
2167,17,30 patients,0.747
6407,3,DALLAS COUNTY MEDICAL CENTER,0.747
1396,16,98%,0.747
8698,16,98%,0.747
1306,10,Acute Care Hospitals,0.747
9656,6,CA,0.747
6641,7,72616,0.747
218,10,Acute Care Hospitals,0.747
5696,12,Yes,0.747
6796,17,148 patients,0.746
7948,11,Voluntary non-profit - Private,0.746
9192,8,LOS ANGELES,0.746
3824,10,Acute Care Hospitals,0.746
939,4,515 MIRANDA ST,0.746
2428,8,RUSSELL,0.746
7699,3,SANTA YNEZ VALLEY COTTAGE HOSPITAL,0.746
5826,9,8708632000,0.746
5722,12,Yes,0.746
779,5,HUNTSVILLE,0.746
8499,5,SAN JOSE,0.746
3453,4,7400 EAST OSBORN ROAD,0.746
6876,7,95819,0.746
4411,4,6644 EAST BAYWOOD AVENUE,0.746
9893,12,No,0.746
7579,4,975 SERENO DR,0.746
9292,3,WASHINGTON HOSPITAL,0.746
9682,18,CA_HF-1,0.746
4008,7,85375,0.746
2594,10,Acute Care Hospitals,0.746
8893,5,SAN FRANCISCO,0.746
5311,8,PULASKI,0.746
1282,10,Acute Care Hospitals,0.746
6642,6,AR,0.746
8665,16,70%,0.746
6674,16,95%,0.746
5015,10,Acute Care Hospitals,0.746
6905,3,PACIFIC ALLIANCE MEDICAL CENTER,0.746
2847,8,KETCHIKAN GATEWAY,0.746
2542,5,RED BAY,0.746
3023,12,Yes,0.746
5613,3,BAPTIST HEALTH MEDICAL CENTER-STUTTGART,0.746
8421,6,CA,0.746
8821,13,Surgical Infection Prevention,0.746
5287,10,Acute Care Hospitals,0.746
5330,12,Yes,0.746
6762,4,CASTRO  DUBOCE STS,0.746
8829,7,90015,0.746
8835,6,CA,0.746
150,11,Proprietary,0.746
3599,3,BANNER DESERT MEDICAL CENTER,0.746
4377,16,93%,0.746
6641,5,BERRYVILLE,0.746
7761,3,KAISER FOUNDATION HOSPITAL - SAN FRANCISCO,0.746
3302,15,patients who got treatment  at the right time (within 24 hours before or after their surgery) to help prevent blood clots after certain types of surgery,0.746
1152,3,LAWRENCE MEDICAL CENTER,0.746
5727,5,NEWPORT,0.746
2779,10,Acute Care Hospitals,0.746
6202,7,72396,0.746
4675,11,Voluntary non-profit - Private,0.746
899,10,Acute Care Hospitals,0.746
9979,18,CA_AMI-5,0.746
2591,12,No,0.746
530,4,2105 EAST SOUTH BOULEVARD,0.746
1260,8,BARBOUR,0.746
2817,8,WRANGELL PETERSBURG,0.746
8215,15,Heart Failure Patients Given ACE Inhibitor or ARB for Left Ventricular Systolic Dysfunction (LVSD),0.746
9028,17,54 patients,0.746
2635,4,2801 DEBARR ROAD,0.746
8265,5,LOS ANGELES,0.746
4640,18,AZ_PN-5C,0.746
5154,3,FORREST CITY MEDICAL CENTER,0.746
4603,4,450 SOUTH OCOTILLO STREET,0.746
8987,7,95231,0.746
5894,5,LITTLE ROCK,0.746
8462,2,50124,0.746
489,10,Acute Care Hospitals,0.746
4562,14,PN-2,0.746
861,12,Yes,0.746
6316,11,Voluntary non-profit - Private,0.746
4008,4,14502 WEST MEEKER BOULEVARD,0.746
3711,15,surgery patients whose preventive antibiotics were stopped at the right time (within 24 hours after surgery),0.746
1097,10,Acute Care Hospitals,0.746
5467,6,AR,0.746
6295,8,HOWARD,0.746
6922,11,Government - Local,0.746
9621,7,91767,0.746
399,7,36067,0.746
6378,11,Voluntary non-profit - Church,0.746
1821,17,159 patients,0.746
5127,3,NORTH ARKANSAS REGIONAL MED CTR,0.746
2086,11,Voluntary non-profit - Other,0.746
2693,9,9075436300,0.746
8303,11,Government - State,0.746
3824,7,85032,0.746
4919,12,Yes,0.746
6184,4,1341 WEST SIXTH STREET,0.746
1934,16,75%,0.746
6025,16,100%,0.746
2008,17,78 patients,0.746
6262,8,LAWRENCE,0.746
3734,11,Voluntary non-profit - Other,0.746
7777,6,CA,0.746
8686,16,91%,0.746
8477,5,GLENDALE,0.746
3099,3,ST VINCENT MEDICAL CTR NORTH,0.746
9356,12,Yes,0.746
5313,18,AR_AMI-8A,0.746
6371,4,2215 WILDWOOD AVENUE,0.746
4205,11,Government - State,0.746
6212,18,AR_SCIP-INF-6,0.746
1092,9,2059397000,0.746
7548,16,100%,0.746
5419,17,80 patients,0.746
3747,10,Acute Care Hospitals,0.746
3040,11,Proprietary,0.746
4697,4,501 NORTH NAVAJO DRIVE,0.746
7243,4,1306 MARICOPA HWY,0.746
5616,17,0 patients,0.746
750,2,10036,0.746
9969,11,Government - State,0.746
6277,10,Critical Access Hospitals,0.746
3139,2,50025,0.746
3354,8,MARICOPA,0.746
7044,17,183 patients,0.746
8014,3,LAUREL GROVE HOSPITAL,0.746
3238,10,Acute Care Hospitals,0.746
5248,15,Pneumonia Patients Assessed and Given Influenza Vaccination,0.746
51,8,MARSHALL,0.746
6221,11,Government - Local,0.746
7672,3,WEST ANAHEIM MEDICAL CENTER,0.746
7883,4,1800 N CALIFORNIA ST,0.746
8287,5,SANTA MONICA,0.746
2784,10,Acute Care Hospitals,0.746
1974,10,Acute Care Hospitals,0.746
771,17,0 patients,0.746
8640,4,438 W LAS TUNAS DRIVE,0.746
6262,3,LAWRENCE MEMORIAL HOSPITAL,0.746
6610,10,Critical Access Hospitals,0.746
2868,12,Yes,0.746
9960,4,757 WESTWOOD PLAZA,0.746
4975,16,86%,0.746
5053,4,3214 EAST RACE AVENUE,0.746
2980,17,127 patients,0.746
3933,8,MARICOPA,0.746
8532,2,50126,0.746
9292,16,96%,0.746
5579,12,Yes,0.746
5248,13,Pneumonia,0.746
4616,7,85602,0.746
3711,13,Surgical Infection Prevention,0.746
3322,12,Yes,0.746
5696,10,Acute Care Hospitals,0.746
2563,10,Critical Access Hospitals,0.746
4324,15,Heart Attack Patients Given Beta Blocker at Discharge,0.746
8421,3,HANFORD COMMUNITY MEDICAL CENTER,0.746
4191,9,6027956020,0.746
9960,12,Yes,0.746
4743,12,Yes,0.746
9664,17,56 patients,0.746
6360,7,72042,0.746
9190,6,CA,0.746
9750,12,Yes,0.746
583,10,Acute Care Hospitals,0.746
890,11,Voluntary non-profit - Other,0.746
3254,8,PINAL,0.746
5712,6,AR,0.746
5555,16,100%,0.746
3186,12,Yes,0.746
7761,12,Yes,0.746
4877,3,PHOENIX CHILDREN-S HOSPITAL,0.746
9334,6,CA,0.746
7883,3,ST JOSEPHS MED CENTER OF STOCKTON,0.746
7243,8,VENTURA,0.745
9574,11,Government - Local,0.745
5219,14,PN-3B,0.745
6477,5,ARKADELPHIA,0.745
258,5,THOMASVILLE,0.745
8287,4,1250 16TH STREET,0.745
9464,7,91911,0.745
6553,11,Voluntary non-profit - Private,0.745
3586,8,PIMA,0.745
4616,11,Government - Hospital District or Authority,0.745
2177,12,Yes,0.745
2753,4,2801 DEBARR ROAD,0.745
9522,11,Voluntary non-profit - Private,0.745
5154,7,72335,0.745
7838,6,CA,0.745
6476,5,ARKADELPHIA,0.745
7948,10,Acute Care Hospitals,0.745
4624,6,AZ,0.745
9626,3,FRENCH HOSPITAL MEDICAL CENTER,0.745
2204,16,100%,0.745
5722,17,88 patients,0.745
210,4,50 MEDICAL PARK EAST DRIVE,0.745
5419,12,Yes,0.745
7079,16,89%,0.745
1821,10,Acute Care Hospitals,0.745
3625,16,100%,0.745
8797,10,Acute Care Hospitals,0.745
8862,4,155 GLASSON WAY,0.745
4816,3,CARONDELET HOLY CROSS HOSPITAL,0.745
6307,10,Critical Access Hospitals,0.745
40,9,3347938701,0.745
9292,10,Acute Care Hospitals,0.745
8962,10,Acute Care Hospitals,0.745
4624,10,Critical Access Hospitals,0.745
8513,17,197 patients,0.745
7973,16,98%,0.745
8914,11,Voluntary non-profit - Church,0.745
8378,7,91325,0.745
5770,4,#1 MEDICAL PARK DRIVE,0.745
3117,3,OZARK HEALTH,0.745
7267,8,SAN FRANCISCO,0.745
3300,8,MARICOPA,0.745
9164,2,50189,0.745
4816,4,1171 WEST TARGET RANGE ROAD,0.745
7126,10,Acute Care Hospitals,0.745
4539,10,Acute Care - VA Medical Center,0.745
1042,18,AL_PN-2,0.745
9541,17,177 patients,0.745
4558,9,9284454860,0.745
9166,11,Voluntary non-profit - Other,0.745
2677,11,Voluntary non-profit - Other,0.745
6306,13,Pneumonia,0.745
5673,7,72104,0.745
8493,4,225 N JACKSON AVENUE,0.745
1544,8,HALE,0.745
7948,9,3235831931,0.745
5414,3,FIVE RIVERS MEDICAL CENTER,0.745
7109,8,BUTTE,0.745
8829,8,LOS ANGELES,0.745
8788,5,FONTANA,0.745
3428,6,AZ,0.745
4538,10,Acute Care - VA Medical Center,0.745
4960,7,72205,0.745
5933,2,40114,0.745
5940,17,0 patients,0.745
1163,10,Acute Care Hospitals,0.745
4133,2,30105,0.745
3839,11,Proprietary,0.745
9795,11,Government - Hospital District or Authority,0.745
7602,11,Voluntary non-profit - Other,0.745
3919,9,4803212000,0.745
9072,13,Surgical Infection Prevention,0.745
9103,12,Yes,0.745
7793,3,SCRIPPS MERCY HOSPITAL,0.745
12,10,Acute Care Hospitals,0.745
3670,12,No,0.745
3351,11,Voluntary non-profit - Church,0.745
8662,5,MARYSVILLE,0.745
8477,8,LOS ANGELES,0.745
3428,10,Acute Care Hospitals,0.745
8914,12,Yes,0.745
7389,11,Voluntary non-profit - Private,0.745
8087,10,Acute Care Hospitals,0.745
1709,8,JEFFERSON,0.745
8219,8,SACRAMENTO,0.745
5706,11,Proprietary,0.745
7789,4,200 WEST ARBOR DRIVE,0.745
4222,3,UNIVERSITY PHYSICIANS HEALTHCARE HOSPITAL AT KINO,0.745
8184,7,93454,0.745
5046,18,AR_SCIP-CARD-2,0.745
6654,12,Yes,0.745
3047,10,Acute Care Hospitals,0.745
4706,9,9287376000,0.745
4826,8,GILA,0.745
3683,11,Proprietary,0.745
2814,16,0%,0.745
862,11,Voluntary non-profit - Private,0.745
1624,11,Voluntary non-profit - Private,0.745
2105,12,Yes,0.745
2257,11,Government Federal,0.745
6249,10,Critical Access Hospitals,0.745
1300,3,CLAY COUNTY HOSPITAL,0.745
6212,11,Voluntary non-profit - Church,0.745
8462,11,Voluntary non-profit - Other,0.745
1725,17,2 patients,0.745
5981,4,2215 WILDWOOD AVENUE,0.745
9267,16,95%,0.745
4924,12,Yes,0.745
2563,12,Yes,0.745
3202,16,97%,0.745
3028,11,Voluntary non-profit - Other,0.745
8068,4,200 WEST ARBOR DRIVE,0.745
5406,5,WEST MEMPHIS,0.745
7104,10,Acute Care Hospitals,0.745
3824,12,Yes,0.745
4331,13,Pneumonia,0.745
3878,10,Acute Care Hospitals,0.745
7501,8,SAN MATEO,0.745
7595,13,Surgical Infection Prevention,0.745
1227,10,Acute Care Hospitals,0.745
7040,10,Acute Care Hospitals,0.745
8493,7,95116,0.745
5814,12,Yes,0.745
5717,3,HARRIS HOSPITAL,0.745
1844,4,995 9TH AVENUE SOUTHWEST,0.745
5123,13,Surgical Infection Prevention,0.745
8610,5,NOVATO,0.745
6774,16,92%,0.745
5197,17,211 patients,0.745
6819,2,50013,0.745
2591,15,Heart Failure Patients Given an Evaluation of Left Ventricular Systolic (LVS) Function,0.745
4266,10,Acute Care Hospitals,0.745
7241,11,Proprietary,0.745
5277,17,490 patients,0.745
9806,5,COLTON,0.745
5717,10,Acute Care Hospitals,0.745
5467,17,10 patients,0.745
6145,9,4796674138,0.745
7432,10,Acute Care Hospitals,0.745
3047,13,Surgical Infection Prevention,0.745
6770,16,78%,0.745
1862,5,SELMA,0.745
4192,11,Proprietary,0.745
2942,17,398 patients,0.745
7819,5,SAN PEDRO,0.745
9117,12,Yes,0.745
7702,4,200 WEST ARBOR DRIVE,0.745
9117,4,825 DELBON AVE,0.745
6475,5,ARKADELPHIA,0.745
5947,13,Pneumonia,0.745
9019,4,101 E VALENCIA MESA DRIVE,0.745
2372,17,161 patients,0.745
2294,8,BUTLER,0.745
9727,3,GLENDALE ADVENTIST MEDICAL CENTER,0.745
9056,3,ANAHEIM GENERAL HOSPITAL,0.745
7858,6,CA,0.745
8462,5,GLENDALE,0.745
3111,11,Government - Local,0.745
7858,16,91%,0.745
2177,9,2567824538,0.745
1163,5,SCOTTSBORO,0.745
8432,7,95203,0.745
9378,3,EAST VALLEY HOSPITAL MEDICAL CENTER,0.745
4205,10,Acute Care Hospitals,0.745
4593,9,9286845421,0.745
5673,9,5013374911,0.745
4965,16,92%,0.745
6557,3,DELTA MEMORIAL HOSPITAL,0.745
5359,8,POPE,0.745
1182,4,380 WOODS COVE ROAD,0.745
8214,2,50108,0.745
9578,10,Acute Care Hospitals,0.745
3387,2,30033,0.744
1456,3,PROVIDENCE HOSPITAL,0.744
1092,16,94%,0.744
7165,5,RED BLUFF,0.744
5414,10,Acute Care Hospitals,0.744
8788,17,35 patients,0.744
5554,10,Acute Care Hospitals,0.744
5712,16,100%,0.744
4826,10,Critical Access Hospitals,0.744
8718,5,PANORAMA CITY,0.744
1321,5,ANNISTON,0.744
3111,16,100%,0.744
2905,3,MARYVALE HOSPITAL,0.744
3481,10,Acute Care Hospitals,0.744
1709,3,TRINITY MEDICAL CENTER,0.744
5248,14,PN-7,0.744
2594,11,Voluntary non-profit - Private,0.744
3294,11,Government - Local,0.744
7388,3,GLENDALE MEM HOSPITAL & HLTH CENTER,0.744
7602,10,Acute Care Hospitals,0.744
8713,13,Pneumonia,0.744
9198,16,97%,0.744
4384,9,4807288327,0.744
6345,8,ARKANSAS,0.744
9619,11,Voluntary non-profit - Other,0.744
9937,12,Yes,0.744
8287,8,LOS ANGELES,0.744
5466,17,19 patients,0.744
6969,16,100%,0.744
4989,11,Voluntary non-profit - Church,0.744
6426,8,LOGAN,0.744
9546,17,110 patients,0.744
858,8,MARION,0.744
1743,11,Voluntary non-profit - Other,0.744
2537,2,11302,0.744
1434,15,Pneumonia Patients Given Initial Antibiotic(s) within 6 Hours After Arrival,0.744
5145,3,SUMMIT MEDICAL CENTER,0.744
7122,15,Pneumonia Patients Given Initial Antibiotic(s) within 6 Hours After Arrival,0.744
2394,3,UAB HIGHLANDS,0.744
977,3,MEDICAL CENTER ENTERPRISE,0.744
9356,4,1600 W AVE J,0.744
4023,9,6235611000,0.744
7126,18,CA_SCIP-INF-1,0.744
5455,9,8708361000,0.744
1997,3,NORTH BALDWIN INFIRMARY,0.744
8640,11,Voluntary non-profit - Other,0.744
1601,11,Government - Hospital District or Authority,0.744
7079,6,CA,0.744
8718,10,Acute Care Hospitals,0.744
7122,5,CHICO,0.744
2699,2,20018,0.744
7874,16,95%,0.744
2075,10,Acute Care Hospitals,0.744
4129,4,6644 EAST BAYWOOD AVENUE,0.744
6392,6,AR,0.744
7230,10,Acute Care Hospitals,0.744
4129,16,96%,0.744
7530,18,CA_HF-3,0.744
2922,3,BANNER GOOD SAMARITAN MEDICAL CENTER,0.744
6184,8,SCOTT,0.744
4551,18,AZ_AMI-1,0.744
6512,3,ASHLEY COUNTY MEDICAL CENTER,0.744
1422,16,100%,0.744
8806,4,200 WEST ARBOR DRIVE,0.744
7857,12,No,0.744
6082,9,5017488000,0.744
5455,18,AR_SCIP-VTE-1,0.744
7051,12,Yes,0.744
3919,5,MESA,0.744
7104,6,CA,0.744
9600,12,Yes,0.744
4258,11,Proprietary,0.744
5395,2,40042,0.744
3747,11,Government - Federal,0.744
1163,8,JACKSON,0.744
5287,5,CONWAY,0.744
3348,12,Yes,0.744
7103,5,SAN JOSE,0.744
5346,10,Acute Care Hospitals,0.744
5050,7,72143,0.744
1723,17,12 patients,0.744
4065,2,30100,0.744
2591,18,AK_HF-2,0.744
5585,6,AR,0.744
7335,10,Acute Care Hospitals,0.744
9642,5,SAN LUIS OBISPO,0.744
6113,10,Acute Care Hospitals,0.744
2011,12,Yes,0.744
8890,17,83 patients,0.744
1573,16,100%,0.744
5770,3,SALINE MEMORIAL HOSPITAL,0.744
8087,2,50101,0.744
2457,3,VA CENTRAL ALABAMA HEALTHCARE SYSTEM - MONTG,0.744
2567,3,RANDOLPH MEDICAL CENTER,0.744
7267,10,Acute Care Hospitals,0.744
1493,4,295 JACKSON HWY S,0.744
1175,8,JACKSON,0.744
7336,10,Acute Care Hospitals,0.744
3428,3,ST LUKES MEDICAL CENTER,0.744
9185,8,LOS ANGELES,0.744
5671,11,Voluntary non-profit - Private,0.744
8215,18,CA_HF-3,0.744
1092,10,Acute Care Hospitals,0.744
8549,7,95695,0.744
7388,16,73%,0.744
8342,2,50115,0.744
172,12,Yes,0.744
5658,3,NORTH METRO MEDICAL CENTER,0.744
1021,10,Acute Care Hospitals,0.744
4816,12,No,0.744
9906,17,1 patients,0.744
9806,10,Acute Care Hospitals,0.744
185,3,MARSHALL MEDICAL CENTER NORTH,0.744
233,4,200 MED CENTER DRIVE,0.744
6745,6,CA,0.744
2252,17,9 patients,0.744
4760,11,Proprietary,0.744
6316,2,10001,0.744
5015,13,Pneumonia,0.744
4925,6,AR,0.744
9574,8,SAN FRANCISCO,0.744
8784,6,CA,0.744
5359,17,8 patients,0.744
2104,17,214 patients,0.744
2537,7,35582,0.744
3254,16,94%,0.744
4876,17,329 patients,0.744
9022,4,101 E VALENCIA MESA DRIVE,0.744
7376,4,5555 WEST THUNDERBIRD ROAD,0.744
6746,10,Acute Care Hospitals,0.744
7171,6,CA,0.744
1104,10,Acute Care Hospitals,0.744
3303,16,99%,0.744
6249,4,2215 WILDWOOD AVENUE,0.744
668,10,Acute Care Hospitals,0.744
2413,12,Yes,0.744
2947,17,36 patients,0.744
399,6,AL,0.744
3943,5,GLENDALE,0.744
3442,10,Acute Care Hospitals,0.744
779,16,100%,0.744
3582,8,PIMA,0.744
7555,6,CA,0.744
8270,15,Pneumonia Patients Given Initial Antibiotic(s) within 6 Hours After Arrival,0.744
6761,15,Pneumonia Patients Given Initial Antibiotic(s) within 6 Hours After Arrival,0.744
5585,8,JEFFERSON,0.744
9350,4,1600 W AVE J,0.744
3619,10,Acute Care Hospitals,0.744
2725,9,9072624404,0.744
9072,12,Yes,0.744
8184,2,10086,0.744
1725,3,PICKENS COUNTY MEDICAL CENTER,0.744
5583,6,AR,0.744
3901,8,MARICOPA,0.744
6723,5,BURLINGAME,0.744
6360,5,DE WITT,0.744
1570,5,BREWTON,0.744
2742,2,10018,0.744
8303,17,323 patients,0.744
4743,11,Voluntary non-profit - Private,0.744
8914,6,CA,0.744
8128,10,Acute Care Hospitals,0.744
6487,3,BAPTIST HEALTH MED CTR-ARKADELPHIA,0.744
9589,7,92843,0.744
2023,12,Yes,0.744
3929,3,BANNER BAYWOOD MEDICAL CENTER,0.744
8597,6,CA,0.744
1997,12,No,0.744
9256,2,50194,0.744
1371,15,Pneumonia Patients Whose Initial Emergency Room Blood Culture Was Performed Prior To The Administration Of The First Hospital Dose Of Antibiotics,0.744
61,12,Yes,0.744
8496,17,169 patients,0.744
2985,13,Surgical Infection Prevention,0.744
4989,9,4793388000,0.744
2753,3,ALASKA NATIVE MEDICAL CENTER,0.744
7134,12,Yes,0.744
5197,7,72401,0.744
8893,16,87%,0.744
9718,16,89%,0.744
939,3,GEORGIANA HOSPITAL,0.744
4478,12,Yes,0.744
3202,17,185 patients,0.744
5277,4,1800 BYPASS ROAD,0.744
3625,8,LA PAZ,0.744
211,8,JEFFERSON,0.744
2075,4,751 DERBY DRIVE,0.744
8393,8,SAN JOAQUIN,0.744
7479,5,ORANGE,0.744
6512,10,Critical Access Hospitals,0.744
9117,10,Acute Care Hospitals,0.744
8665,12,Yes,0.744
6307,18,AR_SCIP-CARD-2,0.744
668,4,1720 UNIVERSITY BLVD,0.744
2765,10,Acute Care Hospitals,0.744
6145,10,Critical Access Hospitals,0.744
4292,13,Surgical Infection Prevention,0.744
6963,10,Acute Care Hospitals,0.744
7793,7,92103,0.744
2877,4,2801 DEBARR ROAD,0.743
7141,7,91342,0.743
4989,18,AR_HF-4,0.743
4292,9,5209013500,0.743
9583,4,12601 GARDEN GROVE BLVD,0.743
8604,15,surgery patients whose preventive antibiotics were stopped at the right time (within 24 hours after surgery),0.743
2104,4,2010 BROOKWOOD MEDICAL CENTER DRIVE,0.743
2677,8,FAIRBANKS NORTH STAR,0.743
2527,5,CHATOM,0.743
3471,16,93%,0.743
5748,4,315 E 13TH ST,0.743
4825,16,100%,0.743
4205,16,100%,0.743
5966,3,WHITE RIVER MEDICAL CENTER,0.743
3254,12,Yes,0.743
8713,8,LOS ANGELES,0.743
6610,3,CHICOT MEMORIAL HOSPITAL,0.743
9583,10,Acute Care Hospitals,0.743
3647,11,Government - Hospital District or Authority,0.743
4258,18,AZ_PN-4,0.743
4718,11,Government - Federal,0.743
8270,10,Acute Care Hospitals,0.743
5933,6,AR,0.743
5483,7,72901,0.743
9969,6,CA,0.743
3657,7,85546,0.743
8432,17,212 patients,0.743
1817,12,Yes,0.743
8110,6,CA,0.743
4981,10,Acute Care Hospitals,0.743
9937,11,Government - Hospital District or Authority,0.743
4925,8,JOHNSON,0.743
8962,17,100 patients,0.743
8403,3,DOCTORS HOSPITAL OF MANTECA,0.743
8068,9,8589393400,0.743
9399,17,2 patients,0.743
7530,10,Acute Care Hospitals,0.743
6924,9,9517883000,0.743
6426,6,AR,0.743
6819,3,ST HELENA HOSPITAL,0.743
3929,5,MESA,0.743
8806,7,93940,0.743
9347,4,200 WEST ARBOR DRIVE,0.743
7973,5,FRESNO,0.743
3776,3,PHS INDIAN HOSPITAL-SAN CARLOS,0.743
8869,11,Voluntary non-profit - Other,0.743
1266,7,36027,0.743
6316,4,1800 BYPASS ROAD,0.743
6790,5,NAPA,0.743
7751,10,Acute Care Hospitals,0.743
6403,18,AR_HF-3,0.743
6909,11,Proprietary,0.743
6697,9,7074438051,0.743
8184,12,Yes,0.743
6366,17,4 patients,0.743
6204,6,AR,0.743
9376,5,GLENDORA,0.743
1118,9,2059264881,0.743
9448,16,82%,0.743
3322,16,97%,0.743
5196,5,JONESBORO,0.743
290,16,91%,0.743
8549,11,Voluntary non-profit - Other,0.743
5127,8,BOONE,0.743
686,10,Acute Care Hospitals,0.743
3354,16,98%,0.743
5405,17,93 patients,0.743
4222,10,Acute Care Hospitals,0.743
7388,13,Surgical Infection Prevention,0.743
399,5,PRATTVILLE,0.743
5658,10,Acute Care Hospitals,0.743
1175,17,96 patients,0.743
5814,11,Proprietary,0.743
2372,4,15155 HIGHWAY 43,0.743
1182,12,Yes,0.743
5510,17,210 patients,0.743
6393,9,8705637000,0.743
2847,11,Voluntary non-profit - Church,0.743
3811,6,AZ,0.743
4193,17,34 patients,0.743
5722,6,AR,0.743
3040,15,Pneumonia Patients Given Initial Antibiotic(s) within 6 Hours After Arrival,0.743
6088,18,AR_SCIP-VTE-1,0.743
1545,10,Acute Care Hospitals,0.743
9448,4,13100 STUDEBAKER RD,0.743
3481,7,85635,0.743
9546,9,7147741450,0.743
1318,18,AL_HF-3,0.743
3856,5,CHINLE,0.743
2732,4,2801 DEBARR ROAD,0.743
890,4,1653 TEMPLE AVENUE NORTH,0.743
3644,6,AZ,0.743
2361,4,15155 HIGHWAY 43,0.743
2729,8,KENAI PENINSULA,0.743
51,12,Yes,0.743
844,3,CHILTON MEDICAL CENTER,0.743
8128,17,172 patients,0.743
2398,16,89%,0.743
2411,12,Yes,0.743
4331,5,FORT MOHAVE,0.743
5169,12,Yes,0.743
11,11,Government - Hospital District or Authority,0.743
844,10,Acute Care Hospitals,0.743
2949,2,30006,0.743
4384,17,115 patients,0.743
133,11,Government - Federal,0.743
1126,12,Yes,0.743
5558,3,MAGNOLIA HOSPITAL,0.743
9664,8,SAN DIEGO,0.743
1862,2,10118,0.743
7530,5,SANTA CLARA,0.743
8640,10,Acute Care Hospitals,0.743
9376,12,Yes,0.743
4659,7,85607,0.743
864,4,1256 MILITARY STREET SOUTH,0.743
5266,2,40027,0.743
4205,2,30110,0.743
2989,12,Yes,0.743
9192,16,100%,0.743
8356,16,100%,0.743
5277,6,AR,0.743
3036,8,COCHISE,0.743
7728,2,50688,0.743
8684,7,94954,0.743
9541,9,7147741450,0.743
7934,18,CA_PN-3B,0.743
9247,5,LAGUNA BEACH,0.743
9531,5,ANAHEIM,0.743
5021,8,YELL,0.743
6059,10,Acute Care Hospitals,0.743
8214,3,SUTTER GENERAL HOSPITAL,0.743
5638,5,JACKSONVILLE,0.743
2765,8,ANCHORAGE,0.743
6697,10,Acute Care Hospitals,0.743
2779,2,20027,0.743
317,10,Acute Care Hospitals,0.743
7900,9,9098876333,0.743
5425,5,POCAHONTAS,0.743
3856,10,Acute Care Hospitals,0.743
5414,11,Proprietary,0.743
8278,12,No,0.743
3300,18,AZ_SCIP-INF-6,0.743
7004,8,SAN DIEGO,0.743
5152,11,Proprietary,0.743
2335,5,MUSCLE SHOALS,0.743
3428,16,100%,0.743
9913,7,93703,0.743
5846,13,Pneumonia,0.743
9502,8,BUTTE,0.743
9099,10,Acute Care Hospitals,0.743
1152,10,Acute Care Hospitals,0.743
3023,11,Proprietary,0.743
1182,8,JACKSON,0.743
1759,9,3347382140,0.743
3919,12,Yes,0.743
1615,8,BALDWIN,0.743
4796,4,101 COLE AVENUE,0.743
4832,12,Yes,0.743
211,16,85%,0.743
5717,17,59 patients,0.743
8856,10,Acute Care Hospitals,0.743
9610,9,9098659500,0.743
6113,15,surgery patients whose doctors ordered treatments to prevent blood clots after certain types of surgeries,0.743
7265,10,Acute Care Hospitals,0.743
6610,9,8702655351,0.743
1318,10,Acute Care Hospitals,0.743
8660,12,Yes,0.743
2269,11,Government Federal,0.743
8630,4,180 ROWLAND WAY,0.743
4138,7,85206,0.743
1971,7,36545,0.743
9464,5,CHULA VISTA,0.743
7068,16,98%,0.743
5638,8,PULASKI,0.743
1817,13,Surgical Infection Prevention,0.743
2827,12,No,0.743
7948,12,Yes,0.743
3186,10,Acute Care Hospitals,0.743
5218,13,Pneumonia,0.743
7171,8,TEHAMA,0.743
126,10,Acute Care Hospitals,0.743
5583,16,56%,0.743
7874,11,Voluntary non-profit - Church,0.743
516,12,Yes,0.742
3917,5,MESA,0.742
9117,17,45 patients,0.742
9546,16,85%,0.742
5706,15,all heart surgery patients whose blood sugar (blood glucose) is kept under good control in the days right after surgery,0.742
12,16,100%,0.742
9626,12,Yes,0.742
2411,4,4401 RIVER CHASE DRIVE,0.742
9193,6,CA,0.742
1738,8,PICKENS,0.742
2817,11,Government - Local,0.742
6475,8,CLARK,0.742
5065,13,Pneumonia,0.742
9583,11,Proprietary,0.742
4877,17,328 patients,0.742
3249,11,Voluntary non-profit - Private,0.742
3453,17,185 patients,0.742
4538,8,PIMA,0.742
5912,7,72205,0.742
8701,4,13652 CANTARA ST,0.742
6922,9,9517883000,0.742
3839,8,MARICOPA,0.742
3419,6,AZ,0.742
8876,11,Voluntary non-profit - Private,0.742
939,16,63%,0.742
8698,5,PETALUMA,0.742
6366,9,8705637000,0.742
3660,10,Acute Care Hospitals,0.742
4825,5,NOGALES,0.742
5789,6,AR,0.742
779,10,Acute Care Hospitals,0.742
2457,4,215 PERRY HILL ROAD,0.742
3659,6,AZ,0.742
5849,18,AR_PN-5C,0.742
2580,7,36604,0.742
9960,5,LOS ANGELES,0.742
8684,17,10 patients,0.742
864,5,HAMILTON,0.742
2459,7,36109,0.742
2947,8,PIMA,0.742
5558,11,Government - Local,0.742
3901,18,AZ_HF-4,0.742
5953,7,72401,0.742
6360,11,Voluntary non-profit - Private,0.742
399,10,Acute Care Hospitals,0.742
1499,7,35401,0.742
2036,3,CRESTWOOD MEDICAL CENTER,0.742
5887,7,72205,0.742
1601,17,38 patients,0.742
3294,14,PN-7,0.742
4919,8,JOHNSON,0.742
3099,12,Yes,0.742
5555,13,Surgical Infection Prevention,0.742
4951,15,surgery patients needing hair removed from the surgical area before surgery&#54; who had hair removed using a safer method (electric clippers or hair removal cream sC not a razor),0.742
5127,16,93%,0.742
3712,6,AZ,0.742
2260,11,Government Federal,0.742
8559,5,OCEANSIDE,0.742
3804,11,Government - Federal,0.742
2624,3,MAT-SU REGIONAL MEDICAL CENTER,0.742
3878,2,30085,0.742
9225,11,Voluntary non-profit - Other,0.742
4558,3,VA NORTHERN ARIZONA HEALTHCARE SYSTEM,0.742
5953,3,NEA MEDICAL CENTER,0.742
3096,16,75%,0.742
2877,2,21313,0.742
1260,3,MEDICAL CENTER BARBOUR,0.742
7948,16,100%,0.742
9893,4,420 34TH ST BOX 1888,0.742
5970,4,2215 WILDWOOD AVENUE,0.742
2410,12,Yes,0.742
69,10,Acute Care Hospitals,0.742
6681,4,27200 CALAROGA AVE,0.742
5826,13,Pneumonia,0.742
3515,6,AZ,0.742
6277,3,STONE COUNTY MEDICAL CENTER,0.742
8206,5,SACRAMENTO,0.742
8701,3,KAISER FOUNDATION HOSPITAL - PANORAMA CITY,0.742
6374,10,Critical Access Hospitals,0.742
3644,11,Government - Hospital District or Authority,0.742
9918,10,Acute Care - VA Medical Center,0.742
1042,5,DADEVILLE,0.742
1544,4,508 GREEN STREET,0.742
8686,17,82 patients,0.742
6512,5,CROSSETT,0.742
9192,13,Surgical Infection Prevention,0.742
2392,10,Acute Care Hospitals,0.742
8963,15,Pneumonia Patients Given Smoking Cessation Advice/Counseling,0.742
9894,5,BAKERSFIELD,0.742
4205,3,WEST VALLEY HOSPITAL,0.742
1476,11,Voluntary non-profit - Other,0.742
7699,13,Surgical Infection Prevention,0.742
8876,10,Acute Care Hospitals,0.742
6762,10,Acute Care Hospitals,0.742
6922,4,4445 MAGNOLIA AVENUE,0.742
8761,8,LOS ANGELES,0.742
6316,12,Yes,0.742
8797,12,No,0.742
1396,8,MORGAN,0.742
5966,10,Acute Care Hospitals,0.742
6002,13,Surgical Infection Prevention,0.742
6306,17,37 patients,0.742
5346,8,GREENE,0.742
5722,13,Pneumonia,0.742
6642,10,Critical Access Hospitals,0.742
7004,4,5555 GROSSMONT CENTER DRIVE BOX 58,0.742
9795,5,PALM SPRINGS,0.742
668,18,AL_AMI-2,0.742
3919,10,Acute Care Hospitals,0.742
4384,5,GILBERT,0.742
9727,5,GLENDALE,0.742
7595,11,Voluntary non-profit - Other,0.742
9606,12,Yes,0.742
1282,3,MEDICAL CENTER BARBOUR,0.742
3724,5,TUBA CITY,0.742
8890,11,Voluntary non-profit - Private,0.742
4384,12,Yes,0.742
4340,12,Yes,0.742
4129,11,Government - Local,0.742
2817,16,100%,0.742
9583,5,GARDEN GROVE,0.742
3943,6,AZ,0.742
1025,10,Acute Care Hospitals,0.742
6426,3,BOONEVILLE COMMUNITY HOSPITAL,0.742
2279,3,L V STABLER MEMORIAL HOSPITAL,0.742
9579,10,Acute Care Hospitals,0.742
4008,6,AZ,0.742
1126,11,Government - Hospital District or Authority,0.742
2518,8,WASHINGTON,0.742
9019,12,Yes,0.742
2827,8,WRANGELL PETERSBURG,0.742
940,4,515 MIRANDA ST,0.742
5811,12,Yes,0.742
5521,13,Pneumonia,0.742
5287,17,0 patients,0.742
6444,6,AR,0.742
4478,15,Heart Attack Patients Given ACE Inhibitor or ARB for Left Ventricular Systolic Dysfunction (LVSD),0.742
4274,12,Yes,0.742
1601,5,FAIRHOPE,0.742
9920,2,05025F,0.742
2949,11,Voluntary non-profit - Private,0.742
5638,7,72076,0.742
4826,9,9284253261,0.742
5050,13,Surgical Infection Prevention,0.742
8686,11,Voluntary non-profit - Other,0.742
6249,11,Government - Local,0.742
7751,17,356 patients,0.742
6845,12,Yes,0.742
8797,11,Voluntary non-profit - Private,0.742
5585,16,97%,0.742
9216,10,Acute Care Hospitals,0.742
954,10,Acute Care Hospitals,0.742
9656,12,Yes,0.742
9216,17,42 patients,0.742
6019,12,Yes,0.742
9099,3,SANTA ROSA MEMORIAL HOSPITAL,0.742
3850,3,CHINLE COMPREHENSIVE CARE FACILITY,0.742
8432,10,Acute Care Hospitals,0.742
4925,4,1100 EAST POPLAR STREET,0.742
6025,11,Voluntary non-profit - Private,0.742
4719,9,9287376000,0.742
4562,10,Acute Care - VA Medical Center,0.742
9718,5,ARCADIA,0.742
3780,12,Yes,0.742
9019,16,97%,0.742
4826,12,Yes,0.742
9356,16,70%,0.742
4784,10,Critical Access Hospitals,0.742
3707,6,AZ,0.742
8287,9,3103194000,0.742
6589,12,Yes,0.742
202,8,JEFFERSON,0.742
40,18,AL_SCIP-INF-3,0.742
7969,14,SCIP-INF-6,0.742
2868,11,Government - Local,0.742
9918,7,93703,0.742
4023,3,ARROWHEAD HOSPITAL,0.742
5419,11,Proprietary,0.742
4539,9,5206291821,0.742
6444,9,8705844111,0.742
6832,16,93%,0.742
1545,8,ELMORE,0.742
7998,9,5105371234,0.742
8342,18,CA_PN-2,0.742
4193,5,PHOENIX,0.742
7068,5,BAKERSFIELD,0.742
4919,10,Acute Care Hospitals,0.742
638,7,36801,0.742
8307,4,222 W 39TH AVE,0.742
4697,6,AZ,0.742
9600,7,91767,0.742
5947,12,Yes,0.742
9913,11,Government Federal,0.742
8273,4,235 N HOOVER ST,0.742
9887,3,GOOD SAMARITAN HOSPITAL,0.742
3878,4,5301 EAST GRANT ROAD,0.741
5756,4,315 E 13TH ST,0.741
5696,13,Pneumonia,0.741
8496,6,CA,0.741
3400,3,PAYSON REGIONAL MEDICAL CENTER,0.741
2477,4,215 PERRY HILL ROAD,0.741
7852,11,Voluntary non-profit - Church,0.741
4738,16,88%,0.741
8621,8,MARIN,0.741
4925,10,Acute Care Hospitals,0.741
1594,16,95%,0.741
400,8,AUTAUGA,0.741
8676,16,100%,0.741
8087,7,94589,0.741
5579,5,BLYTHEVILLE,0.741
4796,10,Critical Access Hospitals,0.741
2973,12,Yes,0.741
2567,16,100%,0.741
4139,11,Government - Local,0.741
3998,17,242 patients,0.741
4191,11,Proprietary,0.741
6841,4,200 MISSION BLVD,0.741
2257,12,No,0.741
3355,5,PHOENIX,0.741
1844,10,Acute Care Hospitals,0.741
5467,4,1100 EAST POPLAR STREET,0.741
9031,6,CA,0.741
6288,9,8702694361,0.741
5392,16,100%,0.741
6538,16,0%,0.741
6835,6,CA,0.741
9103,6,CA,0.741
9267,13,Surgical Infection Prevention,0.741
3983,3,JOHN C LINCOLN DEER VALLEY HOSPITAL,0.741
7335,12,Yes,0.741
4784,16,100%,0.741
3919,7,85206,0.741
5814,16,99%,0.741
3670,7,86403,0.741
5638,17,4 patients,0.741
5152,16,82%,0.741
3481,17,0 patients,0.741
7615,11,Voluntary non-profit - Other,0.741
8914,2,50153,0.741
2753,13,Pneumonia,0.741
9440,17,146 patients,0.741
1721,4,124 S MEMORIAL DR,0.741
2942,18,AZ_AMI-2,0.741
107,16,78%,0.741
3856,11,Government - Federal,0.741
1675,8,JEFFERSON,0.741
3111,10,Critical Access Hospitals,0.741
3398,17,59 patients,0.741
3232,17,143 patients,0.741
3804,18,AZ_PN-4,0.741
7243,7,93023,0.741
2568,12,Yes,0.741
5756,3,PIKE COUNTY HOSPITAL,0.741
5913,16,100%,0.741
7104,5,SAN JOSE,0.741
4675,7,85607,0.741
8110,12,Yes,0.741
3200,17,580 patients,0.741
3659,3,MT GRAHAM REGIONAL MEDICAL CENTER,0.741
3644,8,GRAHAM,0.741
8671,5,MARYSVILLE,0.741
1300,8,CLAY,0.741
7007,7,91942,0.741
8871,10,Acute Care Hospitals,0.741
6601,9,8702655351,0.741
947,5,GEORGIANA,0.741
8856,7,95945,0.741
1615,17,313 patients,0.741
9448,3,COAST PLAZA HOSPITAL,0.741
9329,4,170 ALAMEDA DE LAS PULGAS,0.741
1021,8,GREENE,0.741
6366,3,SOUTH MISSISSISSPI COUNTY REGIONAL MEDICAL CENTER,0.741
1675,5,BIRMINGHAM,0.741
668,11,Government - State,0.741
5970,16,100%,0.741
3839,6,AZ,0.741
9190,12,Yes,0.741
7230,4,1415 ROSS AVENUE,0.741
9216,8,FRESNO,0.741
3238,12,Yes,0.741
831,17,0 patients,0.741
7615,3,SAN ANTONIO COMMUNITY HOSPITAL,0.741
1732,16,78%,0.741
4023,12,Yes,0.741
8894,16,97%,0.741
9115,10,Acute Care Hospitals,0.741
5811,8,UNION,0.741
3247,6,AZ,0.741
9257,16,100%,0.741
2980,11,Voluntary non-profit - Other,0.741
3451,3,ST LUKES MEDICAL CENTER,0.741
5366,8,POPE,0.741
3419,2,30036,0.741
1781,12,Yes,0.741
8698,11,Voluntary non-profit - Other,0.741
5789,11,Proprietary,0.741
399,17,75 patients,0.741
1260,17,1 patients,0.741
4960,17,32 patients,0.741
2372,18,AL_SCIP-INF-6,0.741
9979,9,5106674510,0.741
4229,7,85713,0.741
7488,4,1100 W STEWART DR,0.741
9563,8,SAN FRANCISCO,0.741
9920,8,FRESNO,0.741
8426,3,HANFORD COMMUNITY MEDICAL CENTER,0.741
7122,10,Acute Care Hospitals,0.741
2877,3,SOUTH PENINSULA HOSPITAL,0.741
7389,18,CA_SCIP-INF-1,0.741
8660,16,96%,0.741
8480,10,Acute Care Hospitals,0.741
6055,18,AR_PN-6,0.741
8718,13,Surgical Infection Prevention,0.741
3854,2,30084,0.741
2502,15,surgery patients needing hair removed from the surgical area before surgery&#54; who had hair removed using a safer method (electric clippers or hair removal cream sC not a razor),0.741
4368,10,Acute Care Hospitals,0.741
2942,4,5301 EAST GRANT ROAD,0.741
7793,10,Acute Care Hospitals,0.741
5483,12,Yes,0.741
686,2,10033,0.741
979,8,COFFEE,0.741
2947,10,Acute Care Hospitals,0.741
5744,8,PIKE,0.741
8671,6,CA,0.741
3582,13,Surgical Infection Prevention,0.741
4008,8,MARICOPA,0.741
3599,11,Voluntary non-profit - Private,0.741
8854,7,95945,0.741
233,17,37 patients,0.741
3724,9,9282832501,0.741
3683,3,HAVASU REGIONAL MEDICAL CENTER,0.741
8860,3,SIERRA NEVADA MEMORIAL HOSPITAL,0.741
2279,11,Proprietary,0.741
6905,16,88%,0.741
8206,10,Acute Care Hospitals,0.741
9378,15,Heart Attack Patients Given Smoking Cessation Advice/Counseling,0.741
9164,3,GEORGE L MEE MEMORIAL HOSPITAL,0.741
2252,11,Government Federal,0.741
8254,5,LOMPOC,0.741
5483,10,Acute Care Hospitals,0.741
5346,17,225 patients,0.741
4538,3,VA S. ARIZONA HEALTHCARE SYSTEM,0.741
1759,10,Acute Care Hospitals,0.741
8206,7,95816,0.741
7267,16,95%,0.741
9195,18,CA_SCIP-INF-3,0.741
2064,11,Government - Local,0.741
218,4,1720 UNIVERSITY BLVD,0.741
2635,3,BARTLETT REGIONAL HOSPITAL,0.741
303,11,Voluntary non-profit - Private,0.741
2796,10,Critical Access Hospitals,0.741
7458,4,350 S OAK AVE,0.741
1624,4,604 STONE AVENUE,0.741
9099,7,95405,0.741
2448,17,2 patients,0.741
6706,11,Voluntary non-profit - Church,0.741
4102,11,Proprietary,0.741
7615,10,Acute Care Hospitals,0.741
6674,10,Acute Care Hospitals,0.741
4265,9,4806039000,0.741
3936,5,MESA,0.741
8935,3,ENCINO HOSPITAL MEDICAL CENTER,0.741
3442,8,MARICOPA,0.741
9600,6,CA,0.741
1725,8,PICKENS,0.741
327,16,100%,0.741
1573,5,BREWTON,0.741
9547,10,Acute Care Hospitals,0.741
6355,8,ARKANSAS,0.741
1097,16,100%,0.741
9225,6,CA,0.741
6936,8,RIVERSIDE,0.741
6745,8,SAN MATEO,0.741
2563,8,RANDOLPH,0.741
419,10,Acute Care Hospitals,0.741
661,12,No,0.741
9621,15,all heart surgery patients whose blood sugar (blood glucose) is kept under good control in the days right after surgery,0.741
400,11,Voluntary non-profit - Private,0.741
2949,8,PIMA,0.741
258,11,Government - Federal,0.741
9028,12,Yes,0.741
3466,3,SCOTTSDALE HEALTHCARE-OSBORN MEDICAL CENTER,0.741
3036,3,SIERRA VISTA REGIONAL HEALTH CENTER INC,0.741
4192,9,6027956020,0.741
6723,6,CA,0.741
3300,13,Surgical Infection Prevention,0.741
823,3,GADSDEN REGIONAL MEDICAL CENTER,0.741
9166,7,93930,0.741
4478,7,85201,0.741
6761,8,SAN FRANCISCO,0.741
7126,12,Yes,0.741
3586,10,Acute Care Hospitals,0.741
5604,17,813 patients,0.741
8713,7,91402,0.741
8068,16,91%,0.741
2084,4,751 DERBY DRIVE,0.741
9563,3,SAN FRANCISCO GENERAL HOSPITAL,0.741
7838,7,94806,0.741
4368,9,9284428165,0.741
5953,13,Surgical Infection Prevention,0.741
2278,4,29 L V STABLER DRIVE,0.741
3283,3,MARICOPA MEDICAL CENTER,0.741
901,3,FAYETTE MEDICAL CENTER,0.741
8555,4,200 WEST ARBOR DRIVE,0.741
5849,17,117 patients,0.741
3878,16,93%,0.741
3023,8,MARICOPA,0.741
9610,11,Voluntary non-profit - Other,0.741
5466,10,Acute Care Hospitals,0.741
3619,6,AZ,0.741
8948,17,25 patients,0.741
3303,3,FLAGSTAFF MEDICAL CENTER,0.741
1513,8,TUSCALOOSA,0.741
7479,15,Heart Failure Patients Given an Evaluation of Left Ventricular Systolic (LVS) Function,0.741
7496,11,Voluntary non-profit - Other,0.741
5671,6,AR,0.741
3573,3,UNIVERSITY MEDICAL CENTER,0.741
7004,10,Acute Care Hospitals,0.74
9589,5,GARDEN GROVE,0.74
4017,12,Yes,0.74
6204,17,110 patients,0.74
6538,7,72110,0.74
7021,9,7078223621,0.74
4250,8,MARICOPA,0.74
5359,12,Yes,0.74
8738,17,25 patients,0.74
6229,12,No,0.74
9642,4,1911 JOHNSON AVE,0.74
4683,3,PAGE HOSPITAL,0.74
690,2,10033,0.74
8856,4,155 GLASSON WAY,0.74
6723,7,94010,0.74
5604,8,JEFFERSON,0.74
6819,12,Yes,0.74
2335,4,201 WEST AVALON AVENUE,0.74
5706,12,Yes,0.74
8070,17,185 patients,0.74
8206,16,100%,0.74
4133,6,AZ,0.74
8342,5,ESCONDIDO,0.74
954,12,No,0.74
6202,8,CROSS,0.74
8854,16,100%,0.74
3644,7,85546,0.74
5395,12,Yes,0.74
8287,10,Acute Care Hospitals,0.74
9347,6,CA,0.74
7338,10,Acute Care Hospitals,0.74
9626,10,Acute Care Hospitals,0.74
8537,18,CA_AMI-4,0.74
3398,13,Surgical Infection Prevention,0.74
9589,6,CA,0.74
7175,7,96080,0.74
4587,7,85390,0.74
3856,18,AZ_PN-6,0.74
8165,8,LOS ANGELES,0.74
9022,6,CA,0.74
5812,4,2500 HIGHWAY 65 SOUTH,0.74
8860,4,155 GLASSON WAY,0.74
5467,7,71655,0.74
257,10,Acute Care Hospitals,0.74
2104,8,JEFFERSON,0.74
7247,16,89%,0.74
4023,7,85308,0.74
9579,6,CA,0.74
5673,17,39 patients,0.74
7615,6,CA,0.74
9132,4,1425 S MAIN ST,0.74
5015,6,AR,0.74
7365,11,Government - Hospital District or Authority,0.74
7165,8,TEHAMA,0.74
5748,13,Pneumonia,0.74
8319,11,Government - Hospital District or Authority,0.74
3726,7,86045,0.74
9610,4,200 WEST ARBOR DRIVE,0.74
4683,16,100%,0.74
9894,9,6613994461,0.74
4587,3,WICKENBURG COMMUNITY HOSPITAL,0.74
3619,8,LA PAZ,0.74
5213,9,4797515711,0.74
4706,11,Government - Federal,0.74
4274,7,85755,0.74
8432,9,2099445550,0.74
5770,10,Acute Care Hospitals,0.74
5940,6,AR,0.74
7335,5,LANCASTER,0.74
4135,10,Acute Care Hospitals,0.74
11,12,Yes,0.74
3784,10,Acute Care Hospitals,0.74
3466,10,Acute Care Hospitals,0.74
3442,17,163 patients,0.74
3481,14,SCIP-INF-4,0.74
4434,16,100%,0.74
9682,3,PROVIDENCE SAINT JOSEPH MEDICAL CTR,0.74
6295,17,0 patients,0.74
7483,18,CA_PN-3B,0.74
9913,16,100%,0.74
6555,11,Voluntary non-profit - Private,0.74
9906,2,10019,0.74
8738,4,531 W COLLEGE ST,0.74
8070,10,Acute Care Hospitals,0.74
9216,5,REEDLEY,0.74
2973,15,Heart Failure Patients Given Discharge Instructions,0.74
7335,6,CA,0.74
4960,8,PULASKI,0.74
3522,2,30061,0.74
944,3,GEORGIANA HOSPITAL,0.74
9606,3,POMONA VALLEY HOSPITAL MEDICAL CENTER,0.74
2459,5,MONTGOMERY,0.74
5770,17,22 patients,0.74
2086,4,751 DERBY DRIVE,0.74
7122,9,5303327300,0.74
4008,11,Voluntary non-profit - Private,0.74
5185,11,Voluntary non-profit - Church,0.74
2815,3,SITKA COMMUNITY HOSPITAL,0.74
8051,8,SAN BERNARDINO,0.74
8165,11,Voluntary non-profit - Church,0.74
4266,6,AZ,0.74
8650,13,Pneumonia,0.74
9626,8,SAN LUIS OBISPO,0.74
8128,3,WHITE MEMORIAL MEDICAL CENTER,0.74
6922,16,100%,0.74
4718,10,Critical Access Hospitals,0.74
12,8,JEFFERSON,0.74
668,12,Yes,0.74
9806,9,9095801000,0.74
139,3,CRENSHAW COMMUNITY HOSPITAL,0.74
1104,16,89%,0.74
9103,17,14 patients,0.74
1887,5,MONROEVILLE,0.74
202,17,316 patients,0.74
4100,15,Heart Failure Patients Given ACE Inhibitor or ARB for Left Ventricular Systolic Dysfunction (LVSD),0.74
4784,11,Voluntary non-profit - Other,0.74
4960,4,TWO ST VINCENT CIRCLE,0.74
7555,10,Acute Care Hospitals,0.74
5756,15,all heart surgery patients whose blood sugar (blood glucose) is kept under good control in the days right after surgery,0.74
9960,17,37 patients,0.74
367,7,35594,0.74
7777,17,0 patients,0.74
9531,6,CA,0.74
8070,9,8589393400,0.74
271,3,SHELBY BAPTIST MEDICAL CENTER,0.74
3919,8,MARICOPA,0.74
218,11,Voluntary non-profit - Private,0.74
9386,4,150 WEST ROUTE 66,0.74
6229,18,AR_PN-5C,0.74
7789,11,Voluntary non-profit - Other,0.74
3929,16,97%,0.74
210,3,ST VINCENT-S EAST,0.74
8051,5,UPLAND,0.74
8876,3,SAINT FRANCIS MEMORIAL HOSPITAL,0.74
8403,10,Acute Care Hospitals,0.74
9522,7,95969,0.74
4192,5,PHOENIX,0.74
9502,16,100%,0.74
6549,17,0 patients,0.74
8342,16,93%,0.74
7819,8,LOS ANGELES,0.74
7595,4,975 SERENO DR,0.74
4198,8,MARICOPA,0.74
9421,13,Surgical Infection Prevention,0.74
966,17,15 patients,0.74
2594,5,ANCHORAGE,0.74
7644,3,HOLLYWOOD COMMUNITY HOSPITAL OF HOLLYWOOD,0.74
40,17,385 patients,0.74
8876,17,14 patients,0.74
1723,16,8%,0.74
5851,5,HOPE,0.74
4198,12,Yes,0.74
7004,7,91942,0.74
4877,6,AZ,0.74
6333,6,AR,0.74
5846,10,Acute Care Hospitals,0.74
2459,3,VA CENTRAL ALABAMA HEALTHCARE SYSTEM - MONTG,0.74
2947,3,TUCSON MEDICAL CENTER,0.74
8604,11,Voluntary non-profit - Church,0.74
7751,16,100%,0.74
5770,6,AR,0.74
4065,8,PIMA,0.74
7104,18,CA_SCIP-INF-4,0.74
3888,11,Proprietary,0.74
3040,17,10 patients,0.74
7751,12,Yes,0.74
4437,16,94%,0.74
9356,6,CA,0.74
8342,10,Acute Care Hospitals,0.74
6355,9,8709463571,0.74
4017,4,5555 WEST THUNDERBIRD ROAD,0.74
5291,15,Heart Failure Patients Given ACE Inhibitor or ARB for Left Ventricular Systolic Dysfunction (LVSD),0.74
9955,9,3108256301,0.74
2725,12,Yes,0.74
4951,4,3215 N NORTH HILLS BLVD,0.74
3481,6,AZ,0.74
1974,13,Surgical Infection Prevention,0.74
5248,17,339 patients,0.74
2765,3,ALASKA NATIVE MEDICAL CENTER,0.74
3943,3,BANNER THUNDERBIRD MEDICAL CENTER,0.74
126,15,Heart Attack Patients Given PCI Within 90 Minutes Of Arrival,0.74
858,4,1256 MILITARY STREET SOUTH,0.74
4816,10,Critical Access Hospitals,0.74
844,12,Yes,0.74
4924,17,47 patients,0.74
9019,8,ORANGE,0.74
7126,7,95926,0.74
7530,8,SANTA CLARA,0.74
8871,5,GRASS VALLEY,0.74
5826,15,Pneumonia Patients Assessed and Given Influenza Vaccination,0.74
9965,16,93%,0.74
5761,8,SALINE,0.74
9036,16,99%,0.74
4539,12,No,0.74
139,17,2 patients,0.74
7579,3,KAISER FOUNDATION HOSPITAL VALLEJO,0.74
6790,8,NAPA,0.74
3494,7,86409,0.74
9185,11,Voluntary non-profit - Church,0.74
6262,6,AR,0.74
233,10,Acute Care Hospitals,0.74
5152,7,72956,0.74
2815,10,Critical Access Hospitals,0.74
6407,11,Government - Local,0.74
8894,17,186 patients,0.74
3247,9,6028706060,0.74
3471,6,AZ,0.74
7969,8,LOS ANGELES,0.74
1097,17,69 patients,0.74
2036,11,Proprietary,0.74
2732,9,9072624404,0.74
5152,10,Acute Care Hospitals,0.74
5761,11,Voluntary non-profit - Private,0.74
5313,4,2215 WILDWOOD AVENUE,0.74
1321,15,Pneumonia Patients Whose Initial Emergency Room Blood Culture Was Performed Prior To The Administration Of The First Hospital Dose Of Antibiotics,0.74
1550,17,0 patients,0.74
8165,16,96%,0.74
6549,10,Critical Access Hospitals,0.74
3776,12,Yes,0.74
7488,7,92868,0.74
8051,10,Acute Care Hospitals,0.74
9906,3,FRESNO VA MEDICAL CENTER (VA CENTRAL CALIFOR,0.74
6393,11,Voluntary non-profit - Church,0.74
5213,17,51 patients,0.74
4760,12,No,0.74
36,8,HOUSTON,0.74
7338,17,98 patients,0.74
5278,9,8705081000,0.74
8662,12,Yes,0.74
8741,6,CA,0.74
8788,6,CA,0.74
8650,6,CA,0.74
3599,8,MARICOPA,0.74
7007,15,patients who got treatment  at the right time (within 24 hours before or after their surgery) to help prevent blood clots after certain types of surgery,0.74
4838,10,Critical Access Hospitals,0.74
8671,10,Acute Care Hospitals,0.74
4229,3,UNIVERSITY PHYSICIANS HEALTHCARE HOSPITAL AT KINO,0.74
2817,17,1 patients,0.74
8829,17,49 patients,0.74
7529,11,Government - Federal,0.74
638,3,EAST ALABAMA MEDICAL CENTER AND SNF,0.74
7790,17,615 patients,0.74
8496,12,Yes,0.74
5559,18,AR_SCIP-VTE-2,0.74
5671,16,94%,0.74
8894,6,CA,0.74
5510,12,Yes,0.74
1781,9,3342894000,0.74
9574,7,94110,0.74
3202,15,patients who got treatment  at the right time (within 24 hours before or after their surgery) to help prevent blood clots after certain types of surgery,0.74
9031,12,Yes,0.74
6145,3,MERCY HOSPITAL TURNER MEMORIAL,0.739
4135,11,Government - Local,0.739
5687,3,NATIONAL PARK MEDICAL CENTER,0.739
1456,18,AL_PN-2,0.739
4924,10,Acute Care Hospitals,0.739
8955,6,CA,0.739
7998,11,Proprietary,0.739
1721,11,Voluntary non-profit - Private,0.739
327,5,ANNISTON,0.739
9461,3,SHARP CHULA VISTA MEDICAL CENTER,0.739
1005,8,BLOUNT,0.739
1456,11,Voluntary non-profit - Church,0.739
4675,13,Surgical Infection Prevention,0.739
7004,13,Surgical Infection Prevention,0.739
5613,6,AR,0.739
2817,9,9078747000,0.739
2537,18,AL_HF-1,0.739
3707,15,Pneumonia Patients Assessed and Given Influenza Vaccination,0.739
9531,12,Yes,0.739
9589,17,156 patients,0.739
5023,16,47%,0.739
6288,7,72560,0.739
2815,16,0%,0.739
7458,16,86%,0.739
6345,12,No,0.739
899,17,0 patients,0.739
7699,18,CA_SCIP-CARD-2,0.739
3936,16,92%,0.739
3525,11,Voluntary non-profit - Other,0.739
6762,3,DAVIES MEDICAL CENTER,0.739
3099,8,PULASKI,0.739
1092,12,Yes,0.739
911,11,Proprietary,0.739
3112,4,2500 HIGHWAY 65 SOUTH,0.739
1545,12,Yes,0.739
5375,9,4799682841,0.739
7579,6,CA,0.739
954,5,GEORGIANA,0.739
2313,16,100%,0.739
5213,3,NW ARKANSAS HOSPITALS; LLC,0.739
2418,10,Acute Care Hospitals,0.739
6393,5,OSCEOLA,0.739
211,11,Voluntary non-profit - Private,0.739
202,10,Acute Care Hospitals,0.739
7141,4,14445 OLIVE VIEW DRIVE,0.739
6553,3,DELTA MEMORIAL HOSPITAL,0.739
750,17,139 patients,0.739
8356,6,CA,0.739
7079,3,BAKERSFIELD MEMORIAL HOSPITAL,0.739
3303,12,Yes,0.739
9887,9,6613994461,0.739
290,11,Voluntary non-profit - Church,0.739
8426,17,290 patients,0.739
5673,13,Pneumonia,0.739
6485,13,Pneumonia,0.739
9547,11,Voluntary non-profit - Private,0.739
2247,13,Surgical Infection Prevention,0.739
8537,10,Acute Care Hospitals,0.739
1388,17,35 patients,0.739
6016,8,PULASKI,0.739
7998,3,LAUREL GROVE HOSPITAL,0.739
3200,13,Surgical Infection Prevention,0.739
8307,13,Heart Attack,0.739
6277,4,2215 WILDWOOD AVENUE,0.739
9955,6,CA,0.739
4227,12,Yes,0.739
7529,6,CA,0.739
6697,3,ST JOSEPH HOSPITAL,0.739
5894,18,AR_HF-3,0.739
3444,6,AZ,0.739
5727,12,Yes,0.739
6392,10,Critical Access Hospitals,0.739
417,10,Acute Care Hospitals,0.739
8876,7,94109,0.739
3854,18,AZ_PN-4,0.739
9267,8,SANTA CRUZ,0.739
5558,12,Yes,0.739
2335,8,COLBERT,0.739
6835,5,JACKSON,0.739
5812,17,21 patients,0.739
947,8,BUTLER,0.739
7044,8,BUTTE,0.739
4567,9,9284454860,0.739
172,17,2 patients,0.739
1862,13,Pneumonia,0.739
4603,5,BENSON,0.739
779,3,HUNTSVILLE HOSPITAL,0.739
107,17,64 patients,0.739
4065,10,Acute Care Hospitals,0.739
9955,3,RONALD REAGAN UCLA MEDICAL CENTER,0.739
6557,12,Yes,0.739
6796,9,7072524411,0.739
9164,7,93930,0.739
2989,8,YAVAPAI,0.739
8962,5,VENTURA,0.739
1711,4,1720 UNIVERSITY BLVD,0.739
1152,12,No,0.739
9464,3,SHARP CHULA VISTA MEDICAL CENTER,0.739
8892,17,29 patients,0.739
1182,10,Acute Care Hospitals,0.739
7863,5,OXNARD,0.739
489,8,DALE,0.739
6555,13,Pneumonia,0.739
5504,4,7301 ROGERS AVE,0.739
5219,3,NW ARKANSAS HOSPITALS; LLC,0.739
6036,3,ST VINCENT MEDICAL CTR NORTH,0.739
367,10,Acute Care Hospitals,0.739
7388,8,LOS ANGELES,0.739
2257,17,153 patients,0.739
8426,6,CA,0.739
1092,4,810 ST VINCENTS DRIVE,0.739
8378,18,CA_SCIP-INF-6,0.739
2635,5,JUNEAU,0.739
8559,7,92056,0.739
8797,5,FONTANA,0.739
9795,12,Yes,0.739
5981,10,Acute Care Hospitals,0.739
2348,4,201 WEST AVALON AVENUE,0.739
2699,8,BETHEL,0.739
1017,17,17 patients,0.739
172,16,50%,0.739
9727,6,CA,0.739
8929,16,100%,0.739
7552,5,WALNUT CREEK,0.739
5308,11,Voluntary non-profit - Other,0.739
4743,8,APACHE,0.739
4422,3,MOUNTAIN VISTA MEDICAL CENTER; LP,0.739
7854,7,93030,0.739
6016,10,Acute Care Hospitals,0.739
4778,3,COPPER QUEEN COMMUNITY HOSPITAL,0.739
8174,16,93%,0.739
5196,15,Pneumonia Patients Given Initial Antibiotic(s) within 6 Hours After Arrival,0.739
233,16,100%,0.739
5414,7,72455,0.739
7789,5,SAN DIEGO,0.739
8840,16,95%,0.739
8892,16,86%,0.739
7139,10,Acute Care Hospitals,0.739
4437,8,MARICOPA,0.739
8110,10,Acute Care Hospitals,0.739
4422,8,MARICOPA,0.739
3780,3,PHS INDIAN HOSPITAL-SAN CARLOS,0.739
6113,12,Yes,0.739
2742,18,AK_AMI-2,0.739
8640,6,CA,0.739
7496,5,SOUTH SAN FRANCISCO,0.739
1005,4,150 GILBREATH DRIVE,0.739
3707,10,Acute Care Hospitals,0.739
5849,15,Pneumonia Patients Given Initial Antibiotic(s) within 6 Hours After Arrival,0.739
8532,5,VAN NUYS,0.739
5717,6,AR,0.739
6876,5,SACRAMENTO,0.739
8962,16,93%,0.739
741,4,1912 ALABAMA HIGHWAY 157,0.739
4587,13,Pneumonia,0.739
126,17,0 patients,0.739
8174,17,178 patients,0.739
3580,11,Voluntary non-profit - Private,0.739
3249,8,MARICOPA,0.739
3191,16,100%,0.739
5015,11,Voluntary non-profit - Other,0.739
6249,17,4 patients,0.739
4135,16,100%,0.739
3471,12,Yes,0.739
2624,16,85%,0.739
2973,17,113 patients,0.739
489,11,Government - Hospital District or Authority,0.739
4951,6,AR,0.739
4065,13,Surgical Infection Prevention,0.739
9541,15,Pneumonia Patients Assessed and Given Influenza Vaccination,0.739
5127,10,Acute Care Hospitals,0.739
5287,11,Voluntary non-profit - Private,0.739
6055,7,71913,0.739
661,11,Government - Local,0.739
4838,2,31314,0.739
6025,6,AR,0.739
1920,10,Acute Care Hospitals,0.739
6075,8,PULASKI,0.739
7488,17,68 patients,0.739
6796,16,87%,0.739
9329,17,81 patients,0.739
8477,17,0 patients,0.739
3776,6,AZ,0.739
8860,11,Voluntary non-profit - Other,0.739
6019,11,Proprietary,0.739
436,17,13 patients,0.739
3160,8,PIMA,0.739
9906,13,Heart Attack,0.739
2348,16,73%,0.739
3878,5,TUCSON,0.739
2064,17,59 patients,0.739
3667,17,77 patients,0.739
9969,7,90095,0.739
7751,5,SAN FRANCISCO,0.739
9916,7,93703,0.739
8662,11,Voluntary non-profit - Other,0.739
3249,13,Surgical Infection Prevention,0.739
3355,17,33 patients,0.739
5346,15,Pneumonia Patients Given Initial Antibiotic(s) within 6 Hours After Arrival,0.739
6835,11,Government - Local,0.739
8118,3,PARKVIEW COMMUNITY HOSPITAL MEDICAL CENTER,0.739
3933,13,Surgical Infection Prevention,0.739
3254,4,1800 EAST FLORENCE BOULEVARD,0.739
3998,4,14502 WEST MEEKER BOULEVARD,0.739
6589,18,AR_SCIP-INF-3,0.739
7353,10,Acute Care Hospitals,0.739
9232,3,SOUTH COAST MEDICAL CENTER,0.739
1227,17,148 patients,0.739
2502,10,Acute Care - VA Medical Center,0.739
3811,16,95%,0.739
7789,17,139 patients,0.739
2011,9,2053383301,0.739
6429,3,BOONEVILLE COMMUNITY HOSPITAL,0.739
5548,13,Pneumonia,0.739
8171,11,Voluntary non-profit - Church,0.739
3950,7,85306,0.739
7265,6,CA,0.739
4778,9,5204325383,0.739
9227,11,Voluntary non-profit - Other,0.739
1570,17,6 patients,0.739
6398,8,DALLAS,0.739
9193,3,ST MARY MEDICAL CENTER,0.739
2062,16,75%,0.739
3707,16,81%,0.739
9154,4,200 WEST ARBOR DRIVE,0.739
2725,4,2801 DEBARR ROAD,0.739
5792,6,AR,0.739
1725,16,100%,0.739
9621,17,139 patients,0.739
3419,16,94%,0.739
3117,8,VAN BUREN,0.739
2877,11,Government - Local,0.739
9292,2,50195,0.739
5185,3,ST BERNARDS MEDICAL CTR,0.739
9154,8,MONTEREY,0.739
40,11,Government - Hospital District or Authority,0.739
8640,3,SAN GABRIEL VALLEY MEDICAL CENTER,0.739
9918,5,FRESNO,0.739
1936,11,Proprietary,0.739
3112,10,Critical Access Hospitals,0.739
1306,8,CLAY,0.739
771,10,Acute Care Hospitals,0.739
1927,4,1330 HIGHWAY 231 SOUTH,0.738
9103,16,100%,0.738
5717,16,97%,0.738
8254,16,78%,0.738
7352,3,KAWEAH DELTA MEDICAL CENTER,0.738
2693,4,2801 DEBARR ROAD,0.738
5169,6,AR,0.738
4975,7,72205,0.738
7389,2,50058,0.738
3028,12,Yes,0.738
5658,17,75 patients,0.738
7243,3,OJAI VALLEY COMMUNITY HOSPITAL,0.738
3950,5,GLENDALE,0.738
5266,16,85%,0.738
8184,16,100%,0.738
147,12,Yes,0.738
288,16,98%,0.738
3929,9,4803212000,0.738
6796,11,Voluntary non-profit - Church,0.738
3660,13,Surgical Infection Prevention,0.738
3139,5,SAN DIEGO,0.738
7874,4,1800 N CALIFORNIA ST,0.738
9965,11,Government - State,0.738
3888,2,30085,0.738
6113,3,PHYSICIANS- SPECIALTY HOSPITAL,0.738
1422,3,WALKER BAPTIST MEDICAL CENTER,0.738
107,3,MIZELL MEMORIAL HOSPITAL,0.738
7247,15,Pneumonia Patients Given Initial Antibiotic(s) within 6 Hours After Arrival,0.738
3689,11,Proprietary,0.738
2980,10,Acute Care Hospitals,0.738
1570,9,2518678061,0.738
7672,11,Proprietary,0.738
5152,8,CRAWFORD,0.738
4925,17,0 patients,0.738
5727,17,5 patients,0.738
9465,6,CA,0.738
8662,4,726 4TH ST,0.738
5940,11,Proprietary,0.738
1434,11,Voluntary non-profit - Private,0.738
8890,7,94109,0.738
9164,16,86%,0.738
2732,13,Pneumonia,0.738
8963,10,Acute Care Hospitals,0.738
9292,8,ALAMEDA,0.738
4292,11,Proprietary,0.738
5219,4,609 WEST MAPLE AVENUE,0.738
7858,13,Pneumonia,0.738
6921,16,39%,0.738
4102,13,Pneumonia,0.738
823,5,GADSDEN,0.738
6774,5,NAPA,0.738
6681,12,Yes,0.738
7175,12,Yes,0.738
779,11,Government - Hospital District or Authority,0.738
7728,17,52 patients,0.738
8894,11,Voluntary non-profit - Private,0.738
8935,2,50158,0.738
7432,6,CA,0.738
7863,7,93030,0.738
2868,17,0 patients,0.738
9547,5,ANAHEIM,0.738
8735,8,LOS ANGELES,0.738
741,16,95%,0.738
4265,6,AZ,0.738
9682,4,501 SOUTH BUENA VISTA,0.738
7247,5,OJAI,0.738
1266,8,BARBOUR,0.738
5712,17,3 patients,0.738
3294,15,Pneumonia Patients Assessed and Given Influenza Vaccination,0.738
9969,10,Acute Care Hospitals,0.738
436,10,Acute Care Hospitals,0.738
317,12,Yes,0.738
864,8,MARION,0.738
5613,11,Voluntary non-profit - Other,0.738
8532,12,Yes,0.738
6355,10,Critical Access Hospitals,0.738
1594,4,1301 BELLEVILLE AVENUE,0.738
2726,10,Acute Care Hospitals,0.738
9893,7,93308,0.738
202,3,ST VINCENT-S EAST,0.738
9227,5,LAGUNA BEACH,0.738
11,16,75%,0.738
7338,3,ANTELOPE VALLEY HOSPITAL MED CENTER,0.738
9750,8,SANTA CRUZ,0.738
4989,5,ROGERS,0.738
7702,12,Yes,0.738
864,16,96%,0.738
530,16,94%,0.738
7044,5,OROVILLE,0.738
7728,4,9400 NO NAME UNO,0.738
9887,11,Proprietary,0.738
3300,16,99%,0.738
2677,2,20012,0.738
3146,4,200 WEST ARBOR DRIVE,0.738
9019,5,FULLERTON,0.738
9656,8,SAN DIEGO,0.738
1971,8,CLARKE,0.738
1927,10,Acute Care Hospitals,0.738
8267,5,LOS ANGELES,0.738
7021,17,17 patients,0.738
9378,9,6263350231,0.738
9606,6,CA,0.738
5218,10,Acute Care Hospitals,0.738
3657,6,AZ,0.738
9072,6,CA,0.738
6002,5,HOT SPRINGS,0.738
8684,12,Yes,0.738
3944,6,AZ,0.738
6924,17,21 patients,0.738
9031,4,12401 E WASHINGTON BLVD,0.738
5291,6,AR,0.738
5638,12,Yes,0.738
3444,15,Pneumonia Patients Assessed and Given Influenza Vaccination,0.738
4324,17,42 patients,0.738
8987,6,CA,0.738
3444,17,92 patients,0.738
1017,4,509 WILSON AVENUE,0.738
9099,8,SONOMA,0.738
5953,11,Proprietary,0.738
7243,11,Proprietary,0.738
8665,5,MARYSVILLE,0.738
9103,5,TURLOCK,0.738
7040,5,OROVILLE,0.738
4340,9,9287882273,0.738
7863,17,136 patients,0.738
3398,3,PAYSON REGIONAL MEDICAL CENTER,0.738
5291,5,CONWAY,0.738
6996,16,100%,0.738
9498,16,88%,0.738
8432,11,Voluntary non-profit - Other,0.738
5169,4,2215 WILDWOOD AVENUE,0.738
3983,6,AZ,0.738
9028,4,12401 E WASHINGTON BLVD,0.738
4616,6,AZ,0.738
3711,18,AZ_SCIP-INF-3,0.738
6681,11,Voluntary non-profit - Church,0.738
3232,16,99%,0.738
1276,12,No,0.738
4562,7,86313,0.738
8686,8,SONOMA,0.738
8191,10,Acute Care Hospitals,0.738
4778,6,AZ,0.738
2167,3,NORTHPORT MEDICAL CENTER,0.738
781,4,101 SIVLEY RD,0.738
8894,13,Surgical Infection Prevention,0.738
2361,12,Yes,0.738
4751,12,No,0.738
4266,14,SCIP-INF-4,0.738
6306,8,HOWARD,0.738
3428,11,Proprietary,0.738
6796,7,94558,0.738
5970,8,INDEPENDENCE,0.738
9610,16,99%,0.738
1711,16,81%,0.738
4258,8,MARICOPA,0.738
5673,6,AR,0.738
2868,4,2801 DEBARR ROAD,0.738
1472,12,Yes,0.738
8128,4,1720 E CESAR AVENUE,0.738
257,11,Government - Federal,0.738
648,5,WEDOWEE,0.738
9498,6,CA,0.738
8214,16,100%,0.738
9378,4,27200 CALAROGA AVE,0.738
8718,16,98%,0.738
492,12,Yes,0.738
7819,12,Yes,0.738
6429,17,8 patients,0.738
7134,8,LOS ANGELES,0.738
1104,17,375 patients,0.738
6642,2,41329,0.738
8480,9,8187907100,0.738
5706,13,Surgical Infection Prevention,0.738
5696,4,1910 MALVERN AVENUE,0.738
9247,13,Surgical Infection Prevention,0.738
6087,5,NO LITTLE ROCK,0.738
9928,17,9 patients,0.738
5614,7,72160,0.738
5414,5,POCAHONTAS,0.738
7352,17,61 patients,0.738
9267,2,50194,0.738
8491,17,326 patients,0.738
1732,8,PICKENS,0.738
5583,7,72315,0.738
2860,3,KETCHIKAN GENERAL HOSPITAL,0.738
9190,17,72 patients,0.738
6184,10,Critical Access Hospitals,0.738
3580,16,95%,0.738
4558,16,100%,0.738
8604,12,Yes,0.738
8871,6,CA,0.738
8731,4,4867 SUNSET BLVD,0.738
5065,17,40 patients,0.738
6392,4,2215 WILDWOOD AVENUE,0.738
9166,16,57%,0.738
3202,10,Acute Care Hospitals,0.738
8761,14,PN-2,0.738
9626,6,CA,0.738
8532,9,8189023906,0.738
3619,5,PARKER,0.738
6036,13,Surgical Infection Prevention,0.738
5981,9,8702621200,0.738
6075,6,AR,0.738
7021,2,50028,0.738
5849,4,2001 SOUTH MAIN STREET,0.738
9347,11,Voluntary non-profit - Private,0.738
7458,2,50067,0.738
2861,17,46 patients,0.738
6059,18,AR_SCIP-INF-2,0.738
7265,11,Voluntary non-profit - Private,0.738
9461,11,Voluntary non-profit - Other,0.738
9350,16,97%,0.738
3770,3,PHS INDIAN HOSPITAL-SAN CARLOS,0.738
8278,4,235 N HOOVER ST,0.738
1920,12,Yes,0.738
4778,11,Voluntary non-profit - Other,0.738
2693,8,BETHEL,0.738
7857,18,CA_HF-4,0.738
6601,3,CHICOT MEMORIAL HOSPITAL,0.738
3689,8,MOHAVE,0.738
3048,8,MARICOPA,0.738
5548,3,MAGNOLIA HOSPITAL,0.738
3726,3,TUBA CITY REGIONAL HEALTH CARE CORPORATION,0.738
9356,8,LOS ANGELES,0.738
2027,5,HUNTSVILLE,0.738
4866,3,WHITE MOUNTAIN REGIONAL MEDICAL CENTER,0.738
1573,17,1 patients,0.738
9195,15,surgery patients whose preventive antibiotics were stopped at the right time (within 24 hours after surgery),0.738
8650,5,SAN GABRIEL,0.738
6963,17,77 patients,0.738
4008,2,30093,0.738
8421,12,Yes,0.738
8274,16,100%,0.738
6654,9,8705983881,0.738
6723,11,Voluntary non-profit - Private,0.738
6996,6,CA,0.738
2568,17,11 patients,0.738
7257,15,patients who got treatment  at the right time (within 24 hours before or after their surgery) to help prevent blood clots after certain types of surgery,0.738
3398,8,GILA,0.738
6761,17,45 patients,0.738
3036,2,30043,0.738
1499,8,TUSCALOOSA,0.738
8296,3,SANTA MONICA - UCLA MED CTR & ORTHOPAEDIC HOSPITAL,0.738
2036,10,Acute Care Hospitals,0.737
9510,17,13 patients,0.737
6407,18,AR_PN-4,0.737
5278,10,Acute Care Hospitals,0.737
3775,12,Yes,0.737
3724,8,COCONINO,0.737
9642,6,CA,0.737
8856,6,CA,0.737
7761,2,50076,0.737
9225,12,Yes,0.737
5946,8,CRAIGHEAD,0.737
5278,11,Voluntary non-profit - Other,0.737
7103,3,SANTA CLARA VALLEY MEDICAL CENTER,0.737
4331,9,9287882273,0.737
9072,3,ANAHEIM GENERAL HOSPITAL,0.737
3772,3,PHS INDIAN HOSPITAL-SAN CARLOS,0.737
2215,5,EVERGREEN,0.737
7479,8,ORANGE,0.737
6654,10,Critical Access Hospitals,0.737
2877,13,Pneumonia,0.737
5050,4,3214 EAST RACE AVENUE,0.737
4567,12,No,0.737
4411,17,49 patients,0.737
288,17,368 patients,0.737
3667,8,MOHAVE,0.737
9185,3,ST MARY MEDICAL CENTER,0.737
6316,6,AR,0.737
9578,6,CA,0.737
7352,8,TULARE,0.737
12,17,4 patients,0.737
2568,3,RANDOLPH MEDICAL CENTER,0.737
7044,11,Voluntary non-profit - Private,0.737
6770,5,SAN FRANCISCO,0.737
8191,8,SANTA BARBARA,0.737
3146,13,Pneumonia,0.737
3856,2,30084,0.737
6221,10,Critical Access Hospitals,0.737
5021,3,JOHN ED CHAMBERS MEM HOSP; INC,0.737
9642,16,100%,0.737
2064,5,BIRMINGHAM,0.737
8490,3,REGIONAL MEDICAL CENTER OF SAN JOSE,0.737
2725,3,CENTRAL PENINSULA GENERAL HOSPITAL,0.737
7790,7,92103,0.737
8219,12,Yes,0.737
4266,8,MARICOPA,0.737
7858,4,1600 N ROSE AVE,0.737
5313,13,Heart Attack,0.737
8676,4,400 N MCDOWELL BLVD,0.737
4411,3,MOUNTAIN VISTA MEDICAL CENTER; LP,0.737
3839,9,6029235000,0.737
1513,2,10092,0.737
4567,17,45 patients,0.737
1781,17,0 patients,0.737
5894,7,72205,0.737
8342,11,Government - Hospital District or Authority,0.737
3989,10,Acute Care Hospitals,0.737
2729,16,100%,0.737
1821,3,MOBILE INFIRMARY,0.737
1781,4,105 HIGHWAY 80 EAST,0.737
1396,10,Acute Care Hospitals,0.737
3232,12,Yes,0.737
147,16,100%,0.737
887,16,89%,0.737
781,14,CAC-3,0.737
8480,11,Voluntary non-profit - Other,0.737
2189,12,Yes,0.737
9579,17,53 patients,0.737
4368,3,YAVAPAI REGIONAL MEDICAL CENTER-EAST,0.737
4925,5,CLARKSVILLE,0.737
202,11,Voluntary non-profit - Private,0.737
3139,3,UNIV OF CALIFORNIA SAN DIEGO MED CTR,0.737
6499,3,ASHLEY COUNTY MEDICAL CENTER,0.737
2330,4,201 WEST AVALON AVENUE,0.737
8597,13,Pneumonia,0.737
1005,2,10050,0.737
781,10,Acute Care Hospitals,0.737
8660,7,95901,0.737
7165,6,CA,0.737
6512,12,Yes,0.737
941,12,No,0.737
1422,9,2053874000,0.737
9036,3,PRESBYTERIAN INTERCOMMUNITY HOSPITAL,0.737
8421,8,KINGS,0.737
9965,4,757 WESTWOOD PLAZA,0.737
844,11,Voluntary non-profit - Private,0.737
6333,4,1800 BYPASS ROAD,0.737
5559,4,2215 WILDWOOD AVENUE,0.737
4065,4,5301 EAST GRANT ROAD,0.737
9399,5,GLENDORA,0.737
3348,3,ST JOSEPH-S HOSPITAL AND MEDICAL CENTER,0.737
8871,13,Surgical Infection Prevention,0.737
9453,6,CA,0.737
7488,12,Yes,0.737
2624,9,9077468600,0.737
3582,17,390 patients,0.737
6055,12,Yes,0.737
3901,11,Proprietary,0.737
664,8,RANDOLPH,0.737
5947,16,79%,0.737
6761,4,CASTRO  DUBOCE STS,0.737
5671,17,113 patients,0.737
8303,16,97%,0.737
9510,10,Acute Care Hospitals,0.737
2753,2,20026,0.737
5722,5,NEWPORT,0.737
6832,5,JACKSON,0.737
5466,6,AR,0.737
6538,3,ST ANTHONY-S HEALTHCARE CENTER,0.737
1227,2,10065,0.737
1493,16,88%,0.737
8797,9,9094275500,0.737
8493,6,CA,0.737
3944,5,GLENDALE,0.737
7548,12,Yes,0.737
8687,5,PETALUMA,0.737
9292,13,Surgical Infection Prevention,0.737
9185,10,Acute Care Hospitals,0.737
5774,3,SALINE MEMORIAL HOSPITAL,0.737
6924,11,Government - Local,0.737
3387,18,AZ_HF-3,0.737
5021,4,HIGHWAY 10 AT DETROIT STREET,0.737
7021,16,100%,0.737
8070,13,Surgical Infection Prevention,0.737
8206,4,4001 J ST,0.737
974,17,397 patients,0.737
5761,4,#1 MEDICAL PARK DRIVE,0.737
664,7,36278,0.737
2086,5,YORK,0.737
4825,6,AZ,0.737
4825,13,Surgical Infection Prevention,0.737
6832,3,SUTTER AMADOR HOSPITAL,0.737
7389,3,GLENDALE MEM HOSPITAL & HLTH CENTER,0.737
9227,4,200 WEST ARBOR DRIVE,0.737
7874,6,CA,0.737
9376,6,CA,0.737
5123,6,AR,0.737
7858,5,OXNARD,0.737
3707,9,9287298000,0.737
9600,11,Voluntary non-profit - Other,0.737
9464,16,97%,0.737
6202,12,Yes,0.737
9894,4,420 34TH ST BOX 1888,0.737
5366,6,AR,0.737
3804,15,Pneumonia Patients Given Smoking Cessation Advice/Counseling,0.737
6059,2,40142,0.737
1207,2,10062,0.737
7790,6,CA,0.737
8687,16,95%,0.737
5425,7,72455,0.737
6654,5,PIGGOTT,0.737
3734,3,TUBA CITY REGIONAL HEALTH CARE CORPORATION,0.737
4640,8,COCHISE,0.737
6378,16,69%,0.737
31,11,Government - Hospital District or Authority,0.737
1321,8,CALHOUN,0.737
4603,10,Critical Access Hospitals,0.737
2542,8,FRANKLIN,0.737
9185,6,CA,0.737
8168,4,3630 EAST IMPERIAL HIGHWAY,0.737
3400,5,PAYSON,0.737
1545,3,ELMORE COMMUNITY HOSPITAL,0.737
1544,10,Acute Care Hospitals,0.737
5050,8,WHITE,0.737
6075,3,ARKANSAS SURGICAL HOSPITAL,0.737
8278,17,25 patients,0.737
3917,6,AZ,0.737
9965,5,LOS ANGELES,0.737
3191,10,Acute Care Hospitals,0.737
2677,4,2801 DEBARR ROAD,0.737
398,8,AUTAUGA,0.737
5510,7,72917,0.737
8513,11,Voluntary non-profit - Other,0.737
5826,16,96%,0.737
1817,16,82%,0.737
5335,5,PARAGOULD,0.737
8731,16,100%,0.737
3525,2,30061,0.737
1732,5,CARROLLTON,0.737
9522,17,309 patients,0.737
5483,15,Children Who Received Systemic Corticosteroid Medication (oral and IV Medication That Reduces Inflammation and Controls Symptoms) While Hospitalized for Asthma,0.737
8698,4,400 N MCDOWELL BLVD,0.737
7607,16,99%,0.737
3419,7,85224,0.737
5811,5,EL DORADO,0.737
9893,10,Acute Care Hospitals,0.737
2942,16,100%,0.737
3451,16,92%,0.737
5467,5,MONTICELLO,0.737
8087,17,47 patients,0.737
8860,8,NEVADA,0.737
3599,2,30065,0.737
974,4,400 N EDWARDS STREET,0.737
9267,12,Yes,0.737
6706,3,ST JOSEPH HOSPITAL,0.737
107,11,Voluntary non-profit - Private,0.737
8854,18,CA_AMI-5,0.737
5330,5,NORTH LITTLE ROCK,0.737
5127,12,Yes,0.737
4135,7,85206,0.737
1539,4,508 GREEN STREET,0.737
8963,16,100%,0.737
4100,4,4212 N 16TH ST,0.737
5712,9,8705238911,0.737
6761,10,Acute Care Hospitals,0.737
2278,3,L V STABLER MEMORIAL HOSPITAL,0.737
9225,9,9494997193,0.737
2167,2,10145,0.737
5604,11,Voluntary non-profit - Other,0.737
4796,7,85603,0.737
4697,7,86040,0.737
6761,12,Yes,0.737
6371,11,Voluntary non-profit - Church,0.737
3707,11,Government - Federal,0.737
4718,9,9287376000,0.737
3573,11,Voluntary non-profit - Private,0.737
5744,3,PIKE COUNTY HOSPITAL,0.737
4760,5,WINSLOW,0.737
9498,11,Voluntary non-profit - Other,0.737
2609,12,Yes,0.737
1306,17,4 patients,0.737
3901,7,85260,0.737
4587,5,WICKENBURG,0.737
25,10,Acute Care Hospitals,0.737
2847,3,KETCHIKAN GENERAL HOSPITAL,0.737
6770,3,DAVIES MEDICAL CENTER,0.737
399,11,Voluntary non-profit - Private,0.737
3901,9,4803233000,0.737
8822,10,Acute Care Hospitals,0.737
1974,11,Proprietary,0.737
9056,7,92804,0.737
8491,7,95116,0.737
2215,17,22 patients,0.737
6025,17,19 patients,0.737
1318,4,400 EAST 10TH STREET,0.737
3667,9,9288558185,0.737
6762,16,86%,0.737
6212,13,Surgical Infection Prevention,0.736
8977,3,SAN JOAQUIN GENERAL HOSPITAL,0.736
6514,15,surgery patients whose preventive antibiotics were stopped at the right time (within 24 hours after surgery),0.736
9727,8,LOS ANGELES,0.736
6745,10,Acute Care Hospitals,0.736
5554,17,15 patients,0.736
3249,5,PHOENIX,0.736
4640,3,NORTHERN COCHISE COMMUNITY HOSPITAL,0.736
4129,13,Heart Failure,0.736
6697,5,EUREKA,0.736
2949,10,Acute Care Hospitals,0.736
5555,5,MAGNOLIA,0.736
6963,3,PARADISE VALLEY HOSPITAL,0.736
5197,9,8709724100,0.736
5521,5,FORT SMITH,0.736
9795,15,surgery patients whose preventive antibiotics were stopped at the right time (within 24 hours after surgery),0.736
8686,7,94954,0.736
5579,11,Voluntary non-profit - Other,0.736
9193,17,225 patients,0.736
6681,17,71 patients,0.736
7141,8,LOS ANGELES,0.736
1021,5,EUTAW,0.736
4925,13,Surgical Infection Prevention,0.736
638,18,AL_SCIP-INF-4,0.736
8426,5,HANFORD,0.736
8735,5,LOS ANGELES,0.736
1499,17,215 patients,0.736
5585,3,JEFFERSON REGIONAL MEDICAL CENTER,0.736
7165,4,2550 SISTER MARY COLUMBA DRIVE,0.736
8403,11,Proprietary,0.736
7793,8,SAN DIEGO,0.736
1787,10,Acute Care Hospitals,0.736
5521,16,100%,0.736
7529,5,SANTA CLARA,0.736
8271,10,Acute Care Hospitals,0.736
5504,12,Yes,0.736
8537,12,Yes,0.736
2814,10,Critical Access Hospitals,0.736
4183,12,No,0.736
6075,12,Yes,0.736
8168,11,Voluntary non-profit - Church,0.736
8215,8,SACRAMENTO,0.736
5152,6,AR,0.736
3089,8,PULASKI,0.736
3747,8,PIMA,0.736
400,5,PRATTVILLE,0.736
398,4,124 S MEMORIAL DR,0.736
3028,4,300 EL CAMINO REAL,0.736
7998,12,No,0.736
7171,11,Voluntary non-profit - Church,0.736
5504,9,5014414000,0.736
3811,9,6022631200,0.736
8499,7,95116,0.736
3711,8,APACHE,0.736
1306,3,CLAY COUNTY HOSPITAL,0.736
9256,11,Proprietary,0.736
3254,17,16 patients,0.736
9247,17,97 patients,0.736
8011,13,Pneumonia,0.736
51,10,Acute Care Hospitals,0.736
5021,17,1 patients,0.736
5419,5,POCAHONTAS,0.736
2335,10,Acute Care Hospitals,0.736
5851,18,AR_PN-7,0.736
5510,5,FORT SMITH,0.736
9103,9,2096674200,0.736
4384,7,85296,0.736
8319,2,50113,0.736
8307,17,19 patients,0.736
4760,17,1 patients,0.736
3794,7,85016,0.736
9928,10,Acute Care Hospitals,0.736
7488,3,ST JOSEPH HOSPITAL,0.736
837,10,Acute Care Hospitals,0.736
8319,18,CA_PN-4,0.736
172,3,MARSHALL MEDICAL CENTER NORTH,0.736
9350,17,135 patients,0.736
6996,2,50026,0.736
8214,11,Voluntary non-profit - Other,0.736
4331,6,AZ,0.736
7052,11,Voluntary non-profit - Private,0.736
638,8,LEE,0.736
3249,9,6028706060,0.736
5248,4,1910 MALVERN AVENUE,0.736
9448,6,CA,0.736
8660,11,Voluntary non-profit - Other,0.736
8184,4,1400 E CHURCH ST,0.736
2567,12,Yes,0.736
5308,8,PULASKI,0.736
5614,17,10 patients,0.736
6919,12,No,0.736
6876,9,9164534545,0.736
3644,5,SAFFORD,0.736
1021,4,509 WILSON AVENUE,0.736
7265,12,Yes,0.736
8650,2,50132,0.736
3582,6,AZ,0.736
3711,9,9287298000,0.736
6371,17,0 patients,0.736
6936,10,Acute Care Hospitals,0.736
8070,16,92%,0.736
5169,7,72335,0.736
6819,11,Voluntary non-profit - Church,0.736
4017,16,99%,0.736
4017,17,119 patients,0.736
4205,17,25 patients,0.736
887,11,Voluntary non-profit - Other,0.736
3036,18,AZ_PN-2,0.736
5548,16,100%,0.736
9632,12,Yes,0.736
2008,16,71%,0.736
4368,2,30118,0.736
3302,12,Yes,0.736
2905,17,163 patients,0.736
1104,11,Voluntary non-profit - Other,0.736
3014,2,30010,0.736
6212,6,AR,0.736
9227,6,CA,0.736
6295,12,Yes,0.736
5638,9,5019857000,0.736
1318,3,NORTHEAST ALABAMA REGIONAL MED CENTER,0.736
2861,12,Yes,0.736
9913,10,Acute Care - VA Medical Center,0.736
7529,12,Yes,0.736
6016,17,18 patients,0.736
3281,8,MARICOPA,0.736
2409,12,Yes,0.736
7672,16,100%,0.736
9718,7,91006,0.736
5405,18,AR_SCIP-VTE-1,0.736
6477,17,32 patients,0.736
5712,8,JACKSON,0.736
8893,10,Acute Care Hospitals,0.736
3901,4,7400 EAST OSBORN ROAD,0.736
6909,13,Pneumonia,0.736
7376,11,Voluntary non-profit - Private,0.736
7838,10,Acute Care Hospitals,0.736
9920,9,5592285338,0.736
8829,10,Acute Care Hospitals,0.736
5687,5,HOT SPRINGS,0.736
4265,2,30112,0.736
4340,3,VALLEY VIEW MEDICAL CENTER,0.736
862,5,HAMILTON,0.736
4951,8,WASHINGTON,0.736
9421,6,CA,0.736
4743,5,GANADO,0.736
2580,10,Childrens,0.736
9216,11,Government - Hospital District or Authority,0.736
1422,11,Voluntary non-profit - Private,0.736
4139,13,Surgical Infection Prevention,0.736
3943,7,85306,0.736
5953,9,8709727000,0.736
4292,3,ORO VALLEY HOSPITAL,0.736
6790,12,Yes,0.736
3453,3,SCOTTSDALE HEALTHCARE-OSBORN MEDICAL CENTER,0.736
2699,4,2801 DEBARR ROAD,0.736
6374,5,OSCEOLA,0.736
1152,17,1 patients,0.736
8935,10,Acute Care Hospitals,0.736
6366,16,100%,0.736
2609,8,MATANUSKA SUSITNA,0.736
8356,4,18300 ROSCOE BLVD,0.736
6082,10,Acute Care Hospitals,0.736
8718,8,LOS ANGELES,0.736
3824,9,6029235000,0.736
2815,15,patients who got treatment  at the right time (within 24 hours before or after their surgery) to help prevent blood clots after certain types of surgery,0.736
1152,2,10059,0.736
7336,4,1600 W AVE J,0.736
3936,17,645 patients,0.736
9600,8,LOS ANGELES,0.736
2204,10,Acute Care Hospitals,0.736
8829,6,CA,0.736
4558,7,86313,0.736
9968,8,LOS ANGELES,0.736
6408,10,Critical Access Hospitals,0.736
3804,17,13 patients,0.736
8662,2,10019,0.736
690,18,AL_SCIP-VTE-1,0.736
4760,9,9282894691,0.736
7496,9,6507423200,0.736
6905,7,90012,0.736
5789,8,PHILLIPS,0.736
6087,3,ARKANSAS SURGICAL HOSPITAL,0.736
7365,5,VISALIA,0.736
3419,15,Pneumonia Patients Assessed and Given Influenza Vaccination,0.736
4981,4,2710 RIFE MEDICAL LANE,0.736
5330,7,72117,0.736
5278,12,Yes,0.736
233,12,Yes,0.736
3111,3,OZARK HEALTH,0.736
8307,6,CA,0.736
3811,7,85016,0.736
7790,13,Surgical Infection Prevention,0.736
1567,8,ELMORE,0.736
6429,8,LOGAN,0.736
5160,12,Yes,0.736
8671,8,YUBA,0.736
887,3,FAYETTE MEDICAL CENTER,0.736
7552,4,1425 S MAIN ST,0.736
9461,7,91911,0.736
8303,4,1250 16TH STREET,0.736
5065,6,AR,0.736
8955,4,3291 LOMA VISTA RD,0.736
5065,2,40015,0.736
3772,5,SAN CARLOS,0.736
2594,16,92%,0.736
8555,15,all heart surgery patients whose blood sugar (blood glucose) is kept under good control in the days right after surgery,0.736
1545,9,3345674311,0.736
9531,9,7147741450,0.736
8640,18,CA_AMI-8A,0.736
6378,12,Yes,0.736
8110,11,Voluntary non-profit - Private,0.736
9955,7,90095,0.736
7257,7,93023,0.736
4133,17,8 patients,0.736
3348,17,307 patients,0.736
9546,12,Yes,0.736
944,4,515 MIRANDA ST,0.736
5287,4,2302 COLLEGE AVENUE,0.736
3294,6,AZ,0.736
7702,5,CARMICHAEL,0.736
6408,15,Pneumonia Patients Given Initial Antibiotic(s) within 6 Hours After Arrival,0.736
4768,5,WINSLOW,0.736
8948,5,ENCINO,0.736
61,9,2565938310,0.736
1092,11,Voluntary non-profit - Other,0.736
6761,11,Voluntary non-profit - Other,0.736
419,2,10164,0.736
8761,11,Voluntary non-profit - Other,0.736
4672,10,Critical Access Hospitals,0.736
2410,11,Government - State,0.736
6706,5,EUREKA,0.736
8963,4,3291 LOMA VISTA RD,0.736
7483,16,99%,0.736
8267,6,CA,0.736
3599,16,99%,0.736
5046,12,Yes,0.736
9500,10,Acute Care Hospitals,0.736
5671,13,Pneumonia,0.736
1545,5,WETUMPKA,0.736
8806,5,MONTEREY,0.736
5160,4,2500 HIGHWAY 65 SOUTH,0.736
9154,5,KING CITY,0.736
8630,10,Acute Care Hospitals,0.736
2905,10,Acute Care Hospitals,0.736
8087,12,Yes,0.736
7789,12,Yes,0.736
7857,17,23 patients,0.736
7595,14,SCIP-VTE-2,0.736
4624,11,Government - Hospital District or Authority,0.736
3552,18,AZ_SCIP-CARD-2,0.736
4989,10,Acute Care Hospitals,0.736
9464,12,Yes,0.736
7079,4,420 34TH ST BOX 1888,0.735
9050,3,ANAHEIM GENERAL HOSPITAL,0.735
3202,18,AZ_SCIP-VTE-2,0.735
6996,4,5555 GROSSMONT CENTER DRIVE BOX 58,0.735
1260,10,Acute Care Hospitals,0.735
7104,17,62 patients,0.735
9448,11,Voluntary non-profit - Private,0.735
489,5,OZARK,0.735
9750,10,Acute Care Hospitals,0.735
7852,10,Acute Care Hospitals,0.735
2537,16,100%,0.735
7243,17,1 patients,0.735
3734,17,84 patients,0.735
9795,17,430 patients,0.735
6642,17,37 patients,0.735
7789,10,Acute Care Hospitals,0.735
4035,16,98%,0.735
1759,5,UNION SPRINGS,0.735
8271,11,Proprietary,0.735
9937,7,93257,0.735
3160,11,Voluntary non-profit - Church,0.735
3552,6,AZ,0.735
8892,7,94109,0.735
5050,15,all heart surgery patients whose blood sugar (blood glucose) is kept under good control in the days right after surgery,0.735
9664,4,250 PROSPECT PLACE,0.735
7838,14,PN-7,0.735
8168,8,LOS ANGELES,0.735
4265,3,ARIZONA ORTHOPEDIC SURGICAL HOSPITAL,0.735
2189,4,1701 SOUTH PELHAM ROAD,0.735
5613,4,2215 WILDWOOD AVENUE,0.735
2428,4,4401 RIVER CHASE DRIVE,0.735
3667,7,86403,0.735
2699,11,Government - Federal,0.735
5419,13,Pneumonia,0.735
4832,11,Proprietary,0.735
2537,5,RED BAY,0.735
8499,16,91%,0.735
2251,3,BIRMINGHAM VA MEDICAL CENTER,0.735
419,3,COOSA VALLEY MEDICAL CENTER,0.735
9036,8,LOS ANGELES,0.735
4138,9,4808545050,0.735
8948,6,CA,0.735
4265,11,Proprietary,0.735
4539,3,VA S. ARIZONA HEALTHCARE SYSTEM,0.735
1922,8,WINSTON,0.735
5894,11,Government Federal,0.735
2189,11,Proprietary,0.735
5359,6,AR,0.735
8640,17,0 patients,0.735
5346,7,72450,0.735
5947,17,168 patients,0.735
661,5,WEDOWEE,0.735
7615,4,999 SAN BERNARDINO RD,0.735
4558,5,PRESCOTT,0.735
9022,11,Voluntary non-profit - Church,0.735
7501,3,KAISER FOUNDATION HOSPITAL - SOUTH SAN FRANCISCO,0.735
6845,5,JACKSON,0.735
1321,13,Pneumonia,0.735
8265,17,40 patients,0.735
8356,11,Voluntary non-profit - Other,0.735
5504,11,Voluntary non-profit - Private,0.735
4603,12,Yes,0.735
8914,17,214 patients,0.735
8490,17,34 patients,0.735
4023,8,MARICOPA,0.735
8549,16,95%,0.735
3419,13,Pneumonia,0.735
5218,5,SPRINGDALE,0.735
2699,18,AK_HF-2,0.735
1025,4,509 WILSON AVENUE,0.735
8537,4,1325 COTTONWOOD STREET,0.735
7051,11,Voluntary non-profit - Private,0.735
5559,8,COLUMBIA,0.735
8559,12,Yes,0.735
8597,9,9098814440,0.735
492,3,CHEROKEE MEDICAL CENTER,0.735
25,4,1108 ROSS CLARK CIRCLE,0.735
2905,16,98%,0.735
3804,5,PHOENIX,0.735
7790,12,Yes,0.735
3929,10,Acute Care Hospitals,0.735
4258,4,475 SOUTH DOBSON ROAD,0.735
7998,7,94546,0.735
3387,15,Heart Failure Patients Given ACE Inhibitor or ARB for Left Ventricular Systolic Dysfunction (LVSD),0.735
7388,6,CA,0.735
1673,8,JEFFERSON,0.735
8174,3,SAINT FRANCIS MEDICAL CENTER,0.735
4593,13,Surgical Infection Prevention,0.735
7126,11,Voluntary non-profit - Private,0.735
9099,16,98%,0.735
2204,4,101 CRESTVIEW AVENUE,0.735
1997,5,BAY MINETTE,0.735
9718,3,METHODIST HOSPITAL OF SOUTHERN CA,0.735
3300,2,30022,0.735
4965,4,TWO ST VINCENT CIRCLE,0.735
9225,8,ORANGE,0.735
7777,4,200 WEST ARBOR DRIVE,0.735
7051,5,OROVILLE,0.735
661,4,209 NORTH MAIN STREET,0.735
398,17,0 patients,0.735
5789,12,Yes,0.735
5555,12,Yes,0.735
8806,12,Yes,0.735
6374,9,8705637000,0.735
5015,18,AR_PN-2,0.735
6229,2,41308,0.735
8684,6,CA,0.735
1601,10,Acute Care Hospitals,0.735
7579,7,94589,0.735
9329,8,SAN MATEO,0.735
1545,11,Government - State,0.735
4869,8,APACHE,0.735
9247,11,Voluntary non-profit - Other,0.735
7793,15,all heart surgery patients whose blood sugar (blood glucose) is kept under good control in the days right after surgery,0.735
8307,18,CA_AMI-2,0.735
6589,2,41327,0.735
9350,5,LANCASTER,0.735
8241,12,Yes,0.735
2011,11,Voluntary non-profit - Private,0.735
6919,13,Surgical Infection Prevention,0.735
4292,2,30114,0.735
6426,7,72927,0.735
8206,11,Voluntary non-profit - Other,0.735
2861,11,Voluntary non-profit - Church,0.735
9546,8,ORANGE,0.735
9347,8,SAN MATEO,0.735
1998,8,BALDWIN,0.735
1493,11,Voluntary non-profit - Other,0.735
7353,12,Yes,0.735
3191,14,PN-4,0.735
4102,3,ARIZONA HEART HOSPITAL,0.735
9350,7,93534,0.735
2729,12,Yes,0.735
8892,6,CA,0.735
2348,11,Government - Hospital District or Authority,0.735
9019,11,Voluntary non-profit - Church,0.735
4324,8,MOHAVE,0.735
1732,3,PICKENS COUNTY MEDICAL CENTER,0.735
1743,3,PICKENS COUNTY MEDICAL CENTER,0.735
5335,16,100%,0.735
7458,10,Acute Care Hospitals,0.735
3582,16,97%,0.735
9257,11,Proprietary,0.735
3522,12,Yes,0.735
6070,7,72118,0.735
5887,10,Acute Care - VA Medical Center,0.735
8532,16,83%,0.735
2779,11,Voluntary non-profit - Other,0.735
8426,13,Surgical Infection Prevention,0.735
5826,14,PN-7,0.735
8555,17,0 patients,0.735
8168,12,Yes,0.735
6485,12,Yes,0.735
7175,10,Acute Care Hospitals,0.735
9664,18,CA_PN-5C,0.735
5050,3,WHITE COUNTY MEDICAL CENTER,0.735
8797,6,CA,0.735
7432,2,50063,0.735
4035,3,ARROWHEAD HOSPITAL,0.735
8555,5,WOODLAND,0.735
6963,11,Voluntary non-profit - Church,0.735
9968,17,299 patients,0.735
8840,10,Acute Care Hospitals,0.735
1997,16,100%,0.735
5268,9,8705081000,0.735
4191,13,Surgical Infection Prevention,0.735
8713,10,Acute Care Hospitals,0.735
4876,5,PHOENIX,0.735
7335,7,93534,0.735
4593,7,85390,0.735
7004,15,all heart surgery patients whose blood sugar (blood glucose) is kept under good control in the days right after surgery,0.735
5021,12,Yes,0.735
8830,6,CA,0.735
7548,9,9252954000,0.735
4478,8,MARICOPA,0.735
5278,13,Surgical Infection Prevention,0.735
9253,11,Proprietary,0.735
9022,10,Acute Care Hospitals,0.735
9547,9,7147741450,0.735
3354,17,117 patients,0.735
3850,16,50%,0.735
9216,6,CA,0.735
7501,16,100%,0.735
8490,11,Voluntary non-profit - Church,0.735
6905,11,Proprietary,0.735
1499,10,Acute Care Hospitals,0.735
4989,2,40010,0.735
823,4,1007 GOODYEAR AVENUE,0.735
6909,4,531 W COLLEGE ST,0.735
6371,7,72370,0.735
8662,8,YUBA,0.735
4129,10,Acute Care Hospitals,0.735
3625,5,PARKER,0.735
1567,11,Government - State,0.735
1675,12,Yes,0.735
5558,8,COLUMBIA,0.735
317,18,AL_AMI-4,0.735
1743,2,10109,0.735
9965,7,90095,0.735
3014,4,5301 EAST GRANT ROAD,0.735
8273,6,CA,0.735
3398,16,93%,0.735
2269,4,1720 UNIVERSITY BLVD,0.735
6642,7,72616,0.735
7579,13,Heart Failure,0.735
5366,12,Yes,0.735
8477,15,all heart surgery patients whose blood sugar (blood glucose) is kept under good control in the days right after surgery,0.735
7852,7,93030,0.735
9022,8,ORANGE,0.735
5617,7,72160,0.735
9022,13,Surgical Infection Prevention,0.735
4100,9,6025321000,0.735
5913,9,5012022000,0.735
4551,8,YAVAPAI,0.735
3950,9,6028655555,0.735
7973,7,93710,0.735
7434,18,CA_PN-4,0.735
2257,10,Acute Care - VA Medical Center,0.735
5359,11,Proprietary,0.735
4706,18,AZ_AMI-7A,0.735
456,12,Yes,0.735
9376,9,6263350231,0.735
3444,8,MARICOPA,0.735
9440,4,13100 STUDEBAKER RD,0.735
8876,5,SAN FRANCISCO,0.735
2084,12,Yes,0.735
1371,5,FOLEY,0.735
3160,17,223 patients,0.735
3998,8,MARICOPA,0.735
3160,13,Heart Failure,0.735
7353,7,93291,0.735
2409,9,3347323456,0.735
3048,17,371 patients,0.735
172,10,Acute Care Hospitals,0.735
25,11,Government - Hospital District or Authority,0.735
3923,12,Yes,0.735
8087,8,SOLANO,0.735
7615,12,Yes,0.735
3512,11,Voluntary non-profit - Other,0.735
8604,16,81%,0.735
5970,3,WHITE RIVER MEDICAL CENTER,0.735
4258,15,Pneumonia Patients Given Smoking Cessation Advice/Counseling,0.735
7699,5,SOLVANG,0.735
5406,3,CRITTENDEN MEMORIAL HOSPITAL,0.735
9347,12,Yes,0.735
7501,7,94080,0.735
5455,10,Acute Care Hospitals,0.735
6262,7,72476,0.735
9334,3,SEQUOIA HOSPITAL,0.735
436,12,Yes,0.735
7863,11,Voluntary non-profit - Church,0.735
1971,2,10128,0.735
2518,10,Critical Access Hospitals,0.735
9350,9,6619484781,0.735
6087,7,72118,0.735
6919,17,102 patients,0.735
1034,16,100%,0.735
2457,12,No,0.735
9629,12,Yes,0.735
9257,5,WATSONVILLE,0.735
5425,4,2215 WILDWOOD AVENUE,0.735
3878,11,Proprietary,0.735
7595,2,50073,0.735
4292,17,634 patients,0.735
8621,17,50 patients,0.735
3944,9,6028655555,0.735
6088,10,Acute Care Hospitals,0.735
1624,3,CITIZENS BAPTIST MEDICAL CENTER,0.735
7602,12,Yes,0.735
8735,12,Yes,0.735
691,13,Surgical Infection Prevention,0.735
1624,10,Acute Care Hospitals,0.735
5708,11,Proprietary,0.735
7365,17,560 patients,0.735
4266,13,Surgical Infection Prevention,0.735
1956,2,10128,0.735
9606,4,200 WEST ARBOR DRIVE,0.735
6016,6,AR,0.735
2726,16,100%,0.735
6557,16,93%,0.735
257,3,SOUTHWEST ALABAMA MEDICAL CENTER,0.735
8393,6,CA,0.735
3586,17,177 patients,0.735
4951,5,FAYETTEVILLE,0.735
6403,3,DALLAS COUNTY MEDICAL CENTER,0.734
2279,18,AL_AMI-5,0.734
4925,7,72830,0.734
8128,6,CA,0.734
1675,7,35211,0.734
944,11,Voluntary non-profit - Private,0.734
8665,8,YUBA,0.734
9166,3,GEORGE L MEE MEMORIAL HOSPITAL,0.734
1711,17,119 patients,0.734
648,17,0 patients,0.734
6553,16,67%,0.734
8265,10,Acute Care Hospitals,0.734
6674,8,ALAMEDA,0.734
8610,4,180 ROWLAND WAY,0.734
4919,17,89 patients,0.734
3389,18,AZ_PN-2,0.734
8738,9,3237834011,0.734
2814,17,3 patients,0.734
7175,4,2550 SISTER MARY COLUMBA DRIVE,0.734
8014,18,CA_SCIP-CARD-2,0.734
126,12,Yes,0.734
4796,11,Voluntary non-profit - Other,0.734
8271,3,TEMPLE COMMUNITY HOSPITAL,0.734
3028,8,COCHISE,0.734
2457,10,Acute Care - VA Medical Center,0.734
7044,18,CA_PN-2,0.734
2732,11,Voluntary non-profit - Other,0.734
8871,8,NEVADA,0.734
3389,12,Yes,0.734
1017,12,No,0.734
6924,7,92501,0.734
2591,8,ANCHORAGE,0.734
6534,6,AR,0.734
2567,4,59928 HIGHWAY 22   P O BOX 670,0.734
3139,4,200 WEST ARBOR DRIVE,0.734
5046,17,78 patients,0.734
2409,17,4 patients,0.734
1005,12,Yes,0.734
3929,12,Yes,0.734
4587,11,Voluntary non-profit - Private,0.734
2814,2,21303,0.734
5185,5,JONESBORO,0.734
5308,2,10010,0.734
7353,17,270 patients,0.734
735,3,CULLMAN REGIONAL MEDICAL CENTER,0.734
7257,13,Surgical Infection Prevention,0.734
9253,12,Yes,0.734
1974,3,JACKSON MEDICAL CENTER,0.734
7103,12,Yes,0.734
7529,18,CA_HF-2,0.734
901,8,FAYETTE,0.734
7388,17,111 patients,0.734
7241,12,Yes,0.734
4924,4,2500 HIGHWAY 65 SOUTH,0.734
9247,10,Acute Care Hospitals,0.734
3322,10,Acute Care Hospitals,0.734
1615,12,No,0.734
6393,10,Critical Access Hospitals,0.734
4434,9,4805432000,0.734
419,4,315 W HICKORY ST,0.734
5761,3,SALINE MEMORIAL HOSPITAL,0.734
9247,9,9494997193,0.734
1934,17,20 patients,0.734
3854,13,Pneumonia,0.734
6553,12,Yes,0.734
7122,12,Yes,0.734
2279,16,100%,0.734
890,8,FAYETTE,0.734
6070,5,NO LITTLE ROCK,0.734
6408,5,FORDYCE,0.734
7672,10,Acute Care Hospitals,0.734
2418,11,Government - State,0.734
31,10,Acute Care Hospitals,0.734
5981,17,1 patients,0.734
6832,6,CA,0.734
1615,5,FAIRHOPE,0.734
1624,12,Yes,0.734
947,11,Voluntary non-profit - Private,0.734
5826,7,71731,0.734
8319,7,94403,0.734
2729,10,Acute Care Hospitals,0.734
9193,11,Voluntary non-profit - Church,0.734
530,17,80 patients,0.734
6277,11,Voluntary non-profit - Other,0.734
6378,9,8705637000,0.734
5851,4,2001 SOUTH MAIN STREET,0.734
1227,12,Yes,0.734
5614,10,Acute Care Hospitals,0.734
185,5,GUNTERSVILLE,0.734
8797,17,400 patients,0.734
823,7,35903,0.734
2635,8,JUNEAU,0.734
8214,5,SACRAMENTO,0.734
9578,16,100%,0.734
4139,8,MARICOPA,0.734
4558,12,No,0.734
2922,11,Government - Hospital District or Authority,0.734
2796,12,Yes,0.734
4129,17,116 patients,0.734
3247,17,409 patients,0.734
176,4,8000 ALABAMA HIGHWAY 69,0.734
4437,11,Voluntary non-profit - Other,0.734
8829,9,2137482411,0.734
147,4,201 PINE STREET NORTHWEST,0.734
9547,3,AHMC ANAHEIM REGIONAL MEDICAL CENTER,0.734
3355,10,Acute Care Hospitals,0.734
1371,4,1613 NORTH MCKENZIE STREET,0.734
9256,3,WATSONVILLE COMMUNITY HOSPITAL,0.734
3400,16,100%,0.734
4675,2,31303,0.734
8835,17,171 patients,0.734
8854,6,CA,0.734
2411,8,RUSSELL,0.734
4258,9,4806039000,0.734
6512,8,ASHLEY,0.734
6845,11,Government - Local,0.734
7247,3,OJAI VALLEY COMMUNITY HOSPITAL,0.734
8499,4,225 N JACKSON AVENUE,0.734
3943,10,Acute Care Hospitals,0.734
9132,18,CA_HF-1,0.734
7241,17,7 patients,0.734
3711,6,AZ,0.734
4035,10,Acute Care Hospitals,0.734
9103,3,EMANUEL MEDICAL CENTER INC,0.734
9117,14,SCIP-CARD-2,0.734
9267,11,Proprietary,0.734
6398,5,FORDYCE,0.734
4274,6,AZ,0.734
9115,6,CA,0.734
6036,10,Acute Care Hospitals,0.734
5248,3,ST JOSEPHS MERCY HEALTH CENTER INC,0.734
5712,12,Yes,0.734
3983,5,PHOENIX,0.734
1163,16,30%,0.734
1271,8,BARBOUR,0.734
735,12,Yes,0.734
3400,13,Surgical Infection Prevention,0.734
4904,4,1100 EAST POPLAR STREET,0.734
4965,10,Acute Care Hospitals,0.734
9656,10,Acute Care Hospitals,0.734
8171,5,LYNWOOD,0.734
5466,11,Government - Local,0.734
9247,6,CA,0.734
9166,9,8313856000,0.734
3525,5,SUN CITY,0.734
6378,4,2215 WILDWOOD AVENUE,0.734
1280,12,No,0.734
51,11,Government - Hospital District or Authority,0.734
2861,2,21311,0.734
4675,18,AZ_SCIP-VTE-2,0.734
4102,8,MARICOPA,0.734
5696,11,Proprietary,0.734
6277,13,Pneumonia,0.734
690,4,1720 UNIVERSITY BLVD,0.734
5604,3,JEFFERSON REGIONAL MEDICAL CENTER,0.734
3663,17,140 patients,0.734
6549,8,DESHA,0.734
3644,13,Heart Attack,0.734
3804,7,85016,0.734
5789,17,0 patients,0.734
7389,17,411 patients,0.734
3943,12,Yes,0.734
9164,6,CA,0.734
4133,18,AZ_PN-4,0.734
2862,11,Voluntary non-profit - Church,0.734
2527,3,WASHINGTON COUNTY HOSPITAL,0.734
6924,3,RIVERSIDE COMMUNITY HOSPITAL,0.734
8356,3,NORTHRIDGE HOSPITAL MEDICAL CENTER,0.734
8559,11,Government - Hospital District or Authority,0.734
823,2,10040,0.734
3160,18,AZ_HF-1,0.734
9579,3,GARDEN GROVE HOSPITAL & MEDICAL CENTER,0.734
4434,5,GILBERT,0.734
8890,10,Acute Care Hospitals,0.734
5744,12,No,0.734
1920,17,3 patients,0.734
9216,13,Pneumonia,0.734
8665,7,95901,0.734
4324,7,86426,0.734
9928,5,PORTERVILLE,0.734
9906,11,Government Federal,0.734
7230,11,Government - Local,0.734
5585,9,8705417100,0.734
7104,13,Surgical Infection Prevention,0.734
4100,11,Proprietary,0.734
7241,8,VENTURA,0.734
9050,12,Yes,0.734
4129,15,Heart Failure Patients Given ACE Inhibitor or ARB for Left Ventricular Systolic Dysfunction (LVSD),0.734
2624,8,MATANUSKA SUSITNA,0.734
8378,11,Voluntary non-profit - Other,0.734
9913,5,FRESNO,0.734
6371,2,10005,0.734
4023,17,149 patients,0.734
151,12,Yes,0.734
7265,3,CALIFORNIA PACIFIC MEDICAL CTR-PACIFIC CAMPUS HOSP,0.734
5152,3,SUMMIT MEDICAL CENTER,0.734
8671,17,201 patients,0.734
1280,17,0 patients,0.734
9619,15,surgery patients who were given the  right kind  of antibiotic to help prevent infection,0.734
2392,16,98%,0.734
9056,8,ORANGE,0.734
4796,15,surgery patients whose preventive antibiotics were stopped at the right time (within 24 hours after surgery),0.734
8684,16,100%,0.734
6832,10,Acute Care Hospitals,0.734
9132,6,CA,0.734
1738,5,CARROLLTON,0.734
8929,11,Proprietary,0.734
3451,9,6022518156,0.734
6444,3,DE QUEEN MEDICAL CENTER; INC,0.734
6262,5,WALNUT RIDGE,0.734
7040,8,BUTTE,0.734
210,8,JEFFERSON,0.734
4697,17,0 patients,0.734
781,2,10039,0.734
7338,16,89%,0.734
3191,3,YAVAPAI REGIONAL MEDICAL CENTER,0.734
2392,11,Government - Hospital District or Authority,0.734
4877,12,Yes,0.734
9955,18,CA_AMI-7A,0.734
4904,12,Yes,0.734
5727,13,Surgical Infection Prevention,0.734
862,12,Yes,0.734
4133,5,MESA,0.734
3466,4,7400 EAST OSBORN ROAD,0.734
7529,3,KAISER FOUNDATION HOSPITAL-SANTA CLARA,0.734
4640,2,31302,0.734
5966,5,BATESVILLE,0.734
4065,5,TUCSON,0.734
4227,5,TUCSON,0.734
3160,15,Heart Failure Patients Given Discharge Instructions,0.734
7852,3,ST JOHN-S REGIONAL MEDICAL CENTER,0.734
9192,11,Voluntary non-profit - Church,0.734
2401,11,Government - Hospital District or Authority,0.734
8830,3,CALIFORNIA HOSPITAL MEDICAL CENTER LA,0.734
6706,12,Yes,0.734
9465,13,Pneumonia,0.734
8738,13,Pneumonia,0.734
3647,10,Acute Care Hospitals,0.734
5756,10,Acute Care Hospitals,0.734
6922,6,CA,0.734
6212,5,WYNNE,0.734
5706,5,HOT SPRINGS,0.734
1049,4,201 MARIARDEN ROAD,0.734
9292,7,94538,0.734
3804,16,77%,0.734
7175,11,Voluntary non-profit - Church,0.734
5812,16,100%,0.734
4138,11,Government - Local,0.734
211,18,AL_PN-7,0.734
8671,4,726 4TH ST,0.734
8761,12,Yes,0.734
9031,3,PRESBYTERIAN INTERCOMMUNITY HOSPITAL,0.734
8273,16,100%,0.734
750,11,Proprietary,0.734
417,8,TALLADEGA,0.734
4751,9,9282894691,0.734
7040,11,Voluntary non-profit - Private,0.734
954,3,GEORGIANA HOSPITAL,0.734
4904,11,Voluntary non-profit - Private,0.734
1456,17,257 patients,0.734
844,17,37 patients,0.734
8597,8,SAN BERNARDINO,0.734
7434,16,100%,0.734
8660,4,726 4TH ST,0.734
9216,12,Yes,0.734
5554,5,MAGNOLIA,0.734
6919,10,Acute Care Hospitals,0.734
5395,11,Voluntary non-profit - Other,0.734
3663,12,No,0.734
8555,14,SCIP-INF-4,0.734
7230,16,100%,0.734
9968,3,RONALD REAGAN UCLA MEDICAL CENTER,0.734
7858,8,VENTURA,0.734
4697,8,COCONINO,0.734
8977,10,Acute Care Hospitals,0.734
4675,12,No,0.734
8731,5,LOS ANGELES,0.734
8265,3,TEMPLE COMMUNITY HOSPITAL,0.734
4558,11,Government Federal,0.734
2064,4,1720 UNIVERSITY BLVD,0.734
5933,11,Voluntary non-profit - Private,0.734
290,10,Acute Care Hospitals,0.734
1499,12,Yes,0.734
3734,5,TUBA CITY,0.733
5613,7,72160,0.733
2247,3,BAPTIST MEDICAL CENTER EAST,0.733
8555,2,50127,0.733
8393,10,Acute Care Hospitals,0.733
9606,11,Voluntary non-profit - Other,0.733
7336,3,ANTELOPE VALLEY HOSPITAL MED CENTER,0.733
1152,7,35650,0.733
9225,4,200 WEST ARBOR DRIVE,0.733
7353,11,Government - Hospital District or Authority,0.733
7838,8,CONTRA COSTA,0.733
2742,13,Heart Attack,0.733
5308,3,BAPTIST HEALTH MEDICAL CENTER NORTH LITTLE ROCK,0.733
3028,10,Acute Care Hospitals,0.733
3647,5,SAFFORD,0.733
979,16,100%,0.733
4193,6,AZ,0.733
2036,5,HUNTSVILLE,0.733
7857,6,CA,0.733
6996,7,91942,0.733
5946,13,Pneumonia,0.733
750,5,ANDALUSIA,0.733
3712,3,FORT DEFIANCE INDIAN HOSPITAL,0.733
9421,5,ALAMEDA,0.733
6262,10,Critical Access Hospitals,0.733
2788,13,Surgical Infection Prevention,0.733
5912,10,Acute Care Hospitals,0.733
4183,13,Pneumonia,0.733
3944,7,85306,0.733
1743,8,PICKENS,0.733
3644,3,MT GRAHAM REGIONAL MEDICAL CENTER,0.733
7602,17,0 patients,0.733
2458,8,MONTGOMERY,0.733
2542,12,Yes,0.733
1920,11,Voluntary non-profit - Church,0.733
5912,12,Yes,0.733
8202,5,SANTA MARIA,0.733
9056,5,ANAHEIM,0.733
8854,11,Voluntary non-profit - Other,0.733
3850,6,AZ,0.733
5792,17,138 patients,0.733
7165,12,Yes,0.733
3040,12,Yes,0.733
6514,4,2215 WILDWOOD AVENUE,0.733
8869,7,95945,0.733
6909,10,Acute Care Hospitals,0.733
4065,9,5206962328,0.733
7479,7,92868,0.733
2624,10,Acute Care Hospitals,0.733
7241,4,1306 MARICOPA HWY,0.733
4017,2,10019,0.733
1539,10,Acute Care Hospitals,0.733
9036,12,Yes,0.733
7948,5,HUNTINGTON PARK,0.733
8551,3,WOODLAND MEMORIAL HOSPITAL,0.733
6407,8,DALLAS,0.733
9232,10,Acute Care Hospitals,0.733
6371,15,Heart Attack Patients Given ACE Inhibitor or ARB for Left Ventricular Systolic Dysfunction (LVSD),0.733
2726,3,CENTRAL PENINSULA GENERAL HOSPITAL,0.733
8640,13,Heart Attack,0.733
9347,7,94062,0.733
9546,5,ANAHEIM,0.733
6113,9,4795717002,0.733
9918,11,Government Federal,0.733
5268,12,Yes,0.733
6082,11,Voluntary non-profit - Private,0.733
3351,8,MARICOPA,0.733
664,12,No,0.733
8214,18,CA_HF-2,0.733
4324,6,AZ,0.733
9621,11,Voluntary non-profit - Other,0.733
4908,8,JOHNSON,0.733
6262,9,8708861200,0.733
2522,5,CHATOM,0.733
7126,17,564 patients,0.733
1493,12,Yes,0.733
4065,11,Proprietary,0.733
5046,7,72143,0.733
5053,13,Surgical Infection Prevention,0.733
4065,14,SCIP-VTE-2,0.733
4587,12,No,0.733
4229,10,Acute Care Hospitals,0.733
4697,12,Yes,0.733
6610,11,Government - Local,0.733
1998,16,78%,0.733
8549,6,CA,0.733
3944,3,BANNER THUNDERBIRD MEDICAL CENTER,0.733
8862,16,93%,0.733
2269,18,AL_SCIP-INF-2,0.733
150,3,HARTSELLE MEDICAL CENTER,0.733
4672,5,DOUGLAS,0.733
3780,11,Government - Federal,0.733
2742,16,86%,0.733
8962,8,VENTURA,0.733
1152,16,100%,0.733
6770,8,SAN FRANCISCO,0.733
947,3,GEORGIANA HOSPITAL,0.733
7141,17,270 patients,0.733
7790,10,Acute Care Hospitals,0.733
9937,2,50261,0.733
5311,17,271 patients,0.733
9574,9,4152068000,0.733
3186,8,YAVAPAI,0.733
2027,3,CRESTWOOD MEDICAL CENTER,0.733
1539,3,HALE COUNTY HOSPITAL,0.733
7644,10,Acute Care Hospitals,0.733
9072,10,Acute Care Hospitals,0.733
1721,7,36067,0.733
1673,10,Acute Care Hospitals,0.733
4422,4,6644 EAST BAYWOOD AVENUE,0.733
8403,6,CA,0.733
3471,3,SCOTTSDALE HEALTHCARE-OSBORN MEDICAL CENTER,0.733
8168,6,CA,0.733
8893,2,50152,0.733
5727,11,Proprietary,0.733
6553,17,3 patients,0.733
3300,3,MARICOPA MEDICAL CENTER,0.733
1371,10,Acute Care Hospitals,0.733
3036,4,300 EL CAMINO REAL,0.733
5579,3,GREAT RIVER MEDICAL CENTER,0.733
5050,17,65 patients,0.733
9906,7,93703,0.733
8963,3,VENTURA COUNTY MEDICAL CENTER,0.733
2609,10,Acute Care Hospitals,0.733
9117,6,CA,0.733
3711,12,Yes,0.733
4023,11,Proprietary,0.733
3933,10,Acute Care Hospitals,0.733
6746,12,Yes,0.733
8821,7,93940,0.733
9718,18,CA_SCIP-INF-1,0.733
8892,12,Yes,0.733
8687,18,CA_PN-3B,0.733
8491,16,92%,0.733
6113,6,AR,0.733
9256,17,0 patients,0.733
9232,9,9494997193,0.733
492,10,Acute Care Hospitals,0.733
4951,18,AR_SCIP-INF-6,0.733
6681,8,ALAMEDA,0.733
5687,18,AR_AMI-3,0.733
2189,16,99%,0.733
1615,10,Acute Care Hospitals,0.733
4229,9,5202944471,0.733
36,11,Government - Hospital District or Authority,0.733
4222,7,85713,0.733
2279,13,Heart Attack,0.733
4340,6,AZ,0.733
6407,10,Critical Access Hospitals,0.733
7863,12,No,0.733
2729,3,CENTRAL PENINSULA GENERAL HOSPITAL,0.733
8202,7,93454,0.733
5405,10,Acute Care Hospitals,0.733
7267,17,38 patients,0.733
6762,8,SAN FRANCISCO,0.733
6762,11,Voluntary non-profit - Other,0.733
7171,4,200 WEST ARBOR DRIVE,0.733
9115,17,155 patients,0.733
9399,10,Acute Care Hospitals,0.733
5940,9,8709727000,0.733
4368,16,94%,0.733
3089,10,Acute Care Hospitals,0.733
3200,10,Acute Care Hospitals,0.733
1956,3,JACKSON MEDICAL CENTER,0.733
7548,3,KAISER FOUNDATION HOSPITAL - WALNUT CREEK,0.733
8684,8,SONOMA,0.733
3389,2,30033,0.733
2905,8,MARICOPA,0.733
3389,8,GILA,0.733
5727,7,72112,0.733
7338,11,Government - Hospital District or Authority,0.733
864,3,MARION REGIONAL MEDICAL CENTER,0.733
430,12,No,0.733
5392,3,CRITTENDEN MEMORIAL HOSPITAL,0.733
9682,7,91505,0.733
6429,10,Critical Access Hospitals,0.733
4035,13,Surgical Infection Prevention,0.733
8610,11,Voluntary non-profit - Other,0.733
3300,15,surgery patients needing hair removed from the surgical area before surgery&#54; who had hair removed using a safer method (electric clippers or hair removal cream sC not a razor),0.733
9440,5,NORWALK,0.733
5696,17,102 patients,0.733
4640,16,80%,0.733
5814,3,MEDICAL CENTER SOUTH ARKANSAS,0.733
3139,18,CA_SCIP-INF-3,0.733
8684,2,50136,0.733
7122,8,BUTTE,0.733
5555,8,COLUMBIA,0.733
6774,9,7072524411,0.733
4951,17,906 patients,0.733
4675,10,Critical Access Hospitals,0.733
9036,9,5266980811,0.733
5970,6,AR,0.733
8496,5,SAN JOSE,0.733
6534,12,Yes,0.733
8840,12,Yes,0.733
1922,11,Voluntary non-profit - Church,0.733
8977,16,100%,0.733
419,17,4 patients,0.733
1887,16,95%,0.733
8806,3,COMMUNITY HOSPITAL OF THE MONTEREY PENINSULA,0.733
5673,3,HOT SPRING COUNTY MEDICAL CENTER,0.733
6589,9,8702263731,0.733
858,10,Acute Care Hospitals,0.733
1934,12,No,0.733
6204,15,Pneumonia Patients Given Initial Antibiotic(s) within 6 Hours After Arrival,0.733
7501,10,Acute Care Hospitals,0.733
6113,2,40152,0.733
940,3,GEORGIANA HOSPITAL,0.733
5313,5,NORTH LITTLE ROCK,0.733
7595,17,206 patients,0.733
1927,13,Heart Attack,0.733
9522,6,CA,0.733
8860,16,100%,0.733
3014,9,5208723000,0.733
5160,7,72335,0.733
5219,12,No,0.733
69,17,76 patients,0.733
5023,15,surgery patients who were given the  right kind  of antibiotic to help prevent infection,0.733
9028,7,90602,0.733
6723,9,6506965270,0.733
6697,7,95501,0.733
1476,3,GROVE HILL MEMORIAL HOSPITAL,0.733
133,16,33%,0.733
3036,13,Pneumonia,0.733
4593,8,MARICOPA,0.733
6832,7,95642,0.733
4743,13,Surgical Infection Prevention,0.733
4770,10,Critical Access Hospitals,0.733
3351,10,Acute Care Hospitals,0.733
9257,2,50194,0.733
9727,11,Voluntary non-profit - Church,0.733
8650,14,PN-7,0.733
3047,12,Yes,0.733
6475,9,8702452622,0.733
7969,5,HUNTINGTON PARK,0.733
4919,18,AR_PN-6,0.733
6295,5,NASHVILLE,0.733
8610,16,91%,0.733
8118,7,92503,0.733
3878,6,AZ,0.733
4551,12,No,0.733
7789,9,6192948111,0.733
7175,17,40 patients,0.733
4539,4,5301 EAST GRANT ROAD,0.733
4866,11,Voluntary non-profit - Private,0.733
2860,12,Yes,0.733
2814,12,Yes,0.733
2942,10,Acute Care Hospitals,0.733
8128,9,3232685000,0.733
5366,11,Proprietary,0.733
5311,11,Voluntary non-profit - Other,0.733
398,10,Acute Care Hospitals,0.733
7607,5,OAKLAND,0.733
8271,5,LOS ANGELES,0.733
5414,12,Yes,0.733
3522,5,SUN CITY,0.733
8856,3,SIERRA NEVADA MEMORIAL HOSPITAL,0.733
9578,11,Proprietary,0.733
6706,17,34 patients,0.733
1567,10,Acute Care Hospitals,0.733
3040,10,Acute Care Hospitals,0.733
211,12,Yes,0.733
2726,8,KENAI PENINSULA,0.733
5554,4,101 HOSPITAL DRIVE,0.733
9195,17,189 patients,0.733
7595,18,CA_SCIP-VTE-2,0.733
2635,10,Acute Care Hospitals,0.733
8403,4,1205 E NORTH ST,0.733
6909,17,68 patients,0.733
2418,8,RUSSELL,0.733
4770,11,Proprietary,0.733
4796,5,BISBEE,0.733
417,3,COOSA VALLEY MEDICAL CENTER,0.733
6407,4,201 CLIFTON STREET,0.733
2279,10,Acute Care Hospitals,0.733
6557,4,300 EAST PICKENS,0.733
4562,5,PRESCOTT,0.733
6499,12,Yes,0.733
1472,10,Acute Care Hospitals,0.733
6202,4,2500 HIGHWAY 65 SOUTH,0.733
861,17,46 patients,0.732
1922,2,10125,0.732
2699,12,No,0.732
3724,16,97%,0.732
489,16,100%,0.732
8822,8,MONTEREY,0.732
7969,10,Acute Care Hospitals,0.732
9718,13,Surgical Infection Prevention,0.732
5248,12,Yes,0.732
2814,11,Government - Local,0.732
9806,8,SAN BERNARDINO,0.732
2062,10,Acute Care Hospitals,0.732
5483,5,FORT SMITH,0.732
8273,7,90004,0.732
5548,11,Government - Local,0.732
1513,5,TUSCALOOSA,0.732
5196,13,Pneumonia,0.732
939,8,BUTLER,0.732
8214,12,Yes,0.732
2086,8,SUMTER,0.732
1544,7,36744,0.732
1396,5,DECATUR,0.732
5335,12,Yes,0.732
8307,12,Yes,0.732
6366,8,MISSISSIPPI,0.732
3111,4,2500 HIGHWAY 65 SOUTH,0.732
8496,11,Voluntary non-profit - Church,0.732
5824,4,700 WEST GROVE STREET,0.732
5419,6,AR,0.732
8241,17,5 patients,0.732
8273,10,Acute Care Hospitals,0.732
4340,13,Surgical Infection Prevention,0.732
6746,16,99%,0.732
5414,6,AR,0.732
5196,16,95%,0.732
3804,10,Acute Care Hospitals,0.732
5346,9,8702397000,0.732
7555,12,Yes,0.732
8555,8,YOLO,0.732
502,10,Acute Care Hospitals,0.732
939,17,59 patients,0.732
6306,7,71852,0.732
2527,10,Critical Access Hospitals,0.732
1207,8,GENEVA,0.732
303,4,1720 UNIVERSITY BLVD,0.732
1723,4,124 S MEMORIAL DR,0.732
5614,3,BAPTIST HEALTH MEDICAL CENTER-STUTTGART,0.732
7530,6,CA,0.732
6088,12,Yes,0.732
9256,10,Acute Care Hospitals,0.732
3776,17,0 patients,0.732
7579,5,VALLEJO,0.732
9193,13,Surgical Infection Prevention,0.732
8597,5,SAN BERNARDINO,0.732
4697,5,PAGE,0.732
8296,8,LOS ANGELES,0.732
2949,16,100%,0.732
3775,11,Government - Federal,0.732
3354,12,Yes,0.732
6262,12,Yes,0.732
9166,10,Acute Care Hospitals,0.732
2989,17,180 patients,0.732
9132,3,JOHN MUIR MEDICAL CENTER - WALNUT CREEK CAMPUS,0.732
7109,9,5303327300,0.732
2591,4,2801 DEBARR ROAD,0.732
9292,11,Government - Hospital District or Authority,0.732
5614,16,100%,0.732
430,10,Acute Care Hospitals,0.732
6514,8,ASHLEY,0.732
7483,13,Pneumonia,0.732
2062,17,44 patients,0.732
4227,8,PIMA,0.732
6070,3,ARKANSAS SURGICAL HOSPITAL,0.732
5213,7,72764,0.732
911,10,Acute Care Hospitals,0.732
317,8,CALHOUN,0.732
4035,9,6235611000,0.732
9399,15,patients who got treatment  at the right time (within 24 hours before or after their surgery) to help prevent blood clots after certain types of surgery,0.732
690,12,Yes,0.732
5291,3,CONWAY REGIONAL MEDICAL CENTER,0.732
3522,6,AZ,0.732
974,5,ENTERPRISE,0.732
3139,10,Acute Care Hospitals,0.732
5219,10,Acute Care Hospitals,0.732
7230,2,50045,0.732
7819,7,90732,0.732
8871,11,Voluntary non-profit - Other,0.732
4227,17,101 patients,0.732
139,12,Yes,0.732
3989,6,AZ,0.732
7548,17,8 patients,0.732
11,17,4 patients,0.732
1723,11,Voluntary non-profit - Private,0.732
8168,3,SAINT FRANCIS MEDICAL CENTER,0.732
6145,5,OZARK,0.732
9448,12,Yes,0.732
5392,8,CRITTENDEN,0.732
3657,17,39 patients,0.732
3112,17,97 patients,0.732
5483,9,5014414000,0.732
5375,4,15155 HIGHWAY 43,0.732
4925,15,all heart surgery patients whose blood sugar (blood glucose) is kept under good control in the days right after surgery,0.732
9190,7,90813,0.732
8265,6,CA,0.732
2294,3,L V STABLER MEMORIAL HOSPITAL,0.732
2269,3,BIRMINGHAM VA MEDICAL CENTER,0.732
3351,16,92%,0.732
3950,2,30089,0.732
4832,5,GLOBE,0.732
1300,10,Acute Care Hospitals,0.732
4751,6,AZ,0.732
3657,15,Pneumonia Patients Assessed and Given Influenza Vaccination,0.732
8490,10,Acute Care Hospitals,0.732
492,5,CENTRE,0.732
5169,5,FORREST CITY,0.732
6212,12,Yes,0.732
7579,10,Acute Care Hospitals,0.732
6909,6,CA,0.732
2973,13,Heart Failure,0.732
2732,8,KENAI PENINSULA,0.732
5708,3,NATIONAL PARK MEDICAL CENTER,0.732
8788,10,Acute Care Hospitals,0.732
2753,17,111 patients,0.732
8274,10,Acute Care Hospitals,0.732
5152,18,AR_SCIP-VTE-1,0.732
4340,7,86426,0.732
2372,3,RUSSELLVILLE HOSPITAL,0.732
7104,15,all heart surgery patients whose blood sugar (blood glucose) is kept under good control in the days right after surgery,0.732
7479,4,1100 W STEWART DR,0.732
5395,17,67 patients,0.732
2313,17,47 patients,0.732
4760,3,LITTLE COLORADO MEDICAL CENTER,0.732
7777,7,92103,0.732
6277,2,41310,0.732
646,3,WEDOWEE HOSPITAL,0.732
9574,17,205 patients,0.732
8537,16,100%,0.732
3186,3,YAVAPAI REGIONAL MEDICAL CENTER,0.732
6706,10,Acute Care Hospitals,0.732
1266,3,MEDICAL CENTER BARBOUR,0.732
1163,13,Heart Attack,0.732
1721,12,Yes,0.732
1260,16,0%,0.732
8713,17,26 patients,0.732
7103,6,CA,0.732
4768,3,LITTLE COLORADO MEDICAL CENTER,0.732
1673,4,701 PRINCETON AVENUE SOUTHWEST,0.732
3512,6,AZ,0.732
51,3,MARSHALL MEDICAL CENTER SOUTH,0.732
8462,12,Yes,0.732
861,10,Acute Care Hospitals,0.732
5145,11,Proprietary,0.732
6770,6,CA,0.732
9350,3,LANCASTER COMMUNITY HOSPITAL,0.732
6249,16,100%,0.732
4675,15,patients who got treatment  at the right time (within 24 hours before or after their surgery) to help prevent blood clots after certain types of surgery,0.732
9928,6,CA,0.732
4411,11,Proprietary,0.732
9619,13,Surgical Infection Prevention,0.732
3586,7,85724,0.732
5395,6,AR,0.732
7854,4,1600 N ROSE AVE,0.732
6113,18,AR_SCIP-VTE-1,0.732
2609,17,47 patients,0.732
3674,18,AZ_HF-2,0.732
3117,15,Pneumonia Patients Assessed and Given Influenza Vaccination,0.732
8610,7,94945,0.732
7040,4,2767 OLIVE HIGHWAY,0.732
6921,10,Acute Care Hospitals,0.732
9893,9,6613994461,0.732
6841,13,Surgical Infection Prevention,0.732
5826,18,AR_PN-7,0.732
2260,17,44 patients,0.732
6407,13,Pneumonia,0.732
7973,6,CA,0.732
4222,4,5301 EAST GRANT ROAD,0.732
4965,12,Yes,0.732
210,10,Acute Care Hospitals,0.732
5268,5,MOUNTAIN HOME,0.732
4274,16,94%,0.732
8559,17,275 patients,0.732
2448,2,10169,0.732
5308,17,272 patients,0.732
8278,11,Proprietary,0.732
4965,5,LITTLE ROCK,0.732
5673,12,Yes,0.732
2567,10,Critical Access Hospitals,0.732
6002,10,Acute Care Hospitals,0.732
1787,8,MARENGO,0.732
1207,12,No,0.732
5970,5,BATESVILLE,0.732
6145,11,Voluntary non-profit - Church,0.732
5287,12,Yes,0.732
6288,6,AR,0.732
6277,17,12 patients,0.732
8621,4,180 ROWLAND WAY,0.732
489,17,94 patients,0.732
1570,10,Acute Care Hospitals,0.732
3811,2,30078,0.732
5197,16,91%,0.732
2011,3,ST VINCENT-S ST CLAIR,0.732
6819,16,100%,0.732
6969,11,Voluntary non-profit - Church,0.732
5248,5,HOT SPRINGS,0.732
150,4,201 PINE STREET NORTHWEST,0.732
5127,4,2215 WILDWOOD AVENUE,0.732
5940,12,Yes,0.732
7243,5,OJAI,0.732
5946,17,191 patients,0.732
4138,8,MARICOPA,0.732
5658,2,40074,0.732
7109,5,CHICO,0.732
9232,16,41%,0.732
5548,4,2215 WILDWOOD AVENUE,0.732
890,16,100%,0.732
1104,18,AL_SCIP-INF-3,0.732
6642,8,CARROLL,0.732
7051,6,CA,0.732
7103,17,409 patients,0.732
9166,6,CA,0.732
5687,8,GARLAND,0.732
4683,11,Government - Hospital District or Authority,0.732
3387,16,100%,0.732
781,18,AL_AMI-4,0.732
8118,16,85%,0.732
218,5,BIRMINGHAM,0.732
8191,17,25 patients,0.732
9216,4,372 W CYPRESS AVE,0.732
2167,16,97%,0.732
8011,3,LAUREL GROVE HOSPITAL,0.732
2036,16,97%,0.732
9621,12,Yes,0.732
3780,15,Pneumonia Patients Given Initial Antibiotic(s) within 6 Hours After Arrival,0.732
9642,10,Acute Care Hospitals,0.732
6477,12,Yes,0.732
8118,6,CA,0.732
7052,4,2767 OLIVE HIGHWAY,0.732
2247,11,Voluntary non-profit - Private,0.732
8110,3,PARKVIEW COMMUNITY HOSPITAL MEDICAL CENTER,0.732
4274,2,10009,0.732
7230,3,EL CENTRO REGIONAL MEDICAL CENTER,0.732
2537,8,FRANKLIN,0.732
862,17,18 patients,0.732
7139,4,14445 OLIVE VIEW DRIVE,0.732
6919,8,LOS ANGELES,0.732
31,9,3347938701,0.732
9386,12,Yes,0.732
3674,10,Acute Care Hospitals,0.732
646,8,RANDOLPH,0.732
6745,12,Yes,0.732
126,3,CRENSHAW COMMUNITY HOSPITAL,0.732
151,4,201 PINE STREET NORTHWEST,0.732
911,4,600 SOUTH THIRD STREET,0.732
5313,10,Acute Care Hospitals,0.732
7761,11,Government - Hospital District or Authority,0.732
5617,8,ARKANSAS,0.732
4191,3,SURGICAL SPECIALTY HOSPITAL OF ARIZONA,0.731
290,12,Yes,0.731
5213,16,92%,0.731
6774,6,CA,0.731
3348,10,Acute Care Hospitals,0.731
2594,8,ANCHORAGE,0.731
6499,4,1015 UNITY ROAD,0.731
2008,10,Acute Care Hospitals,0.731
1260,9,3346887271,0.731
6398,11,Government - Local,0.731
288,3,SHELBY BAPTIST MEDICAL CENTER,0.731
887,8,FAYETTE,0.731
5455,2,40050,0.731
8087,11,Voluntary non-profit - Other,0.731
7139,3,LAC/OLIVE VIEW-UCLA MEDICAL CENTER,0.731
1271,11,Voluntary non-profit - Other,0.731
7496,7,94080,0.731
5218,3,NW ARKANSAS HOSPITALS; LLC,0.731
8741,7,90027,0.731
7134,10,Acute Care Hospitals,0.731
69,8,MARSHALL,0.731
3983,8,MARICOPA,0.731
6924,4,4445 MAGNOLIA AVENUE,0.731
5395,13,Pneumonia,0.731
7479,11,Voluntary non-profit - Church,0.731
6514,3,ASHLEY COUNTY MEDICAL CENTER,0.731
5218,12,No,0.731
6909,8,LOS ANGELES,0.731
8718,3,KAISER FOUNDATION HOSPITAL - PANORAMA CITY,0.731
3387,17,15 patients,0.731
3683,5,LAKE HAVASU CITY,0.731
4422,7,85209,0.731
4768,8,NAVAJO,0.731
5053,7,72143,0.731
1615,7,36532,0.731
3186,16,97%,0.731
1594,5,BREWTON,0.731
9376,15,Heart Attack Patients Given Aspirin at Discharge,0.731
2177,5,JACKSONVILLE,0.731
4411,9,4803586100,0.731
6055,5,HOT SPRINGS,0.731
5268,4,2215 WILDWOOD AVENUE,0.731
1887,11,Government - Local,0.731
5050,10,Acute Care Hospitals,0.731
5127,5,HARRISON,0.731
8202,18,CA_SCIP-INF-4,0.731
3923,16,90%,0.731
1570,4,1301 BELLEVILLE AVENUE,0.731
1550,8,ELMORE,0.731
3711,3,FORT DEFIANCE INDIAN HOSPITAL,0.731
1624,16,88%,0.731
9795,14,SCIP-INF-3,0.731
7793,11,Voluntary non-profit - Other,0.731
3657,2,30068,0.731
2788,12,No,0.731
9563,10,Acute Care Hospitals,0.731
5789,10,Acute Care Hospitals,0.731
6345,11,Voluntary non-profit - Private,0.731
5455,3,OUACHITA COUNTY MEDICAL CENTER,0.731
8432,8,SAN JOAQUIN,0.731
862,4,1256 MILITARY STREET SOUTH,0.731
530,8,MONTGOMERY,0.731
2330,12,Yes,0.731
6070,12,Yes,0.731
1182,17,34 patients,0.731
9399,16,0%,0.731
1709,4,800 MONTCLAIR RD,0.731
5196,9,8709724100,0.731
5335,8,GREENE,0.731
4925,3,JOHNSON REGIONAL MEDICAL CENTER,0.731
5617,17,42 patients,0.731
3112,3,OZARK HEALTH,0.731
837,12,Yes,0.731
1743,16,100%,0.731
8876,6,CA,0.731
7388,4,5555 WEST THUNDERBIRD ROAD,0.731
6355,4,2215 WILDWOOD AVENUE,0.731
3186,17,179 patients,0.731
8893,11,Voluntary non-profit - Private,0.731
7819,10,Acute Care Hospitals,0.731
9642,17,84 patients,0.731
5154,17,6 patients,0.731
5053,5,SEARCY,0.731
2518,12,No,0.731
1998,3,NORTH BALDWIN INFIRMARY,0.731
2779,17,7 patients,0.731
9795,18,CA_SCIP-INF-3,0.731
8738,8,LOS ANGELES,0.731
6534,4,#4 HOSPITAL DRIVE,0.731
8630,11,Voluntary non-profit - Other,0.731
4222,18,AZ_AMI-3,0.731
3944,11,Government - Hospital District or Authority,0.731
7501,12,No,0.731
7483,10,Acute Care Hospitals,0.731
5046,5,SEARCY,0.731
4437,9,4805432000,0.731
1570,11,Government - Hospital District or Authority,0.731
6762,5,SAN FRANCISCO,0.731
4434,7,85234,0.731
4193,3,SURGICAL SPECIALTY HOSPITAL OF ARIZONA,0.731
2693,12,No,0.731
6841,10,Acute Care Hospitals,0.731
6487,8,CLARK,0.731
5123,10,Acute Care Hospitals,0.731
3466,8,MARICOPA,0.731
4562,12,No,0.731
8171,10,Acute Care Hospitals,0.731
5406,15,patients who got treatment  at the right time (within 24 hours before or after their surgery) to help prevent blood clots after certain types of surgery,0.731
8491,12,Yes,0.731
5671,2,40076,0.731
4816,8,SANTA CRUZ,0.731
3657,11,Government - Hospital District or Authority,0.731
3281,3,MARICOPA MEDICAL CENTER,0.731
5756,13,Surgical Infection Prevention,0.731
8271,7,90004,0.731
4659,2,31303,0.731
456,11,Government - Hospital District or Authority,0.731
1885,11,Government - Local,0.731
2868,8,KENAI PENINSULA,0.731
5277,8,BAXTER,0.731
8214,15,Heart Failure Patients Given an Evaluation of Left Ventricular Systolic (LVS) Function,0.731
5614,12,Yes,0.731
6070,4,5201 NORTH SHORE DRIVE,0.731
5278,5,MOUNTAIN HOME,0.731
3089,16,99%,0.731
9750,17,156 patients,0.731
2788,17,18 patients,0.731
9589,12,Yes,0.731
2361,5,RUSSELLVILLE,0.731
3249,10,Acute Care Hospitals,0.731
9750,16,100%,0.731
5046,4,3214 EAST RACE AVENUE,0.731
3522,10,Acute Care Hospitals,0.731
7165,7,96080,0.731
5405,7,72301,0.731
7530,2,50071,0.731
1207,5,GENEVA,0.731
6549,5,DUMAS,0.731
4129,5,MESA,0.731
5658,4,1701 SOUTH PELHAM ROAD,0.731
5761,5,BENTON,0.731
2949,4,5301 EAST GRANT ROAD,0.731
5851,11,Proprietary,0.731
7819,11,Voluntary non-profit - Private,0.731
5616,10,Acute Care Hospitals,0.731
8462,8,LOS ANGELES,0.731
3014,3,CARONDELET ST  MARYS HOSPITAL,0.731
3494,10,Acute Care Hospitals,0.731
8821,5,MONTEREY,0.731
8273,11,Proprietary,0.731
5673,11,Voluntary non-profit - Private,0.731
3712,12,Yes,0.731
4229,16,90%,0.731
3466,13,Pneumonia,0.731
5970,11,Voluntary non-profit - Private,0.731
9806,4,200 WEST ARBOR DRIVE,0.731
7432,11,Proprietary,0.731
147,17,1 patients,0.731
3355,8,MARICOPA,0.731
7470,13,Surgical Infection Prevention,0.731
7257,3,OJAI VALLEY COMMUNITY HOSPITAL,0.731
7376,8,LOS ANGELES,0.731
7761,7,94115,0.731
5614,8,ARKANSAS,0.731
7104,2,50038,0.731
9621,10,Acute Care Hospitals,0.731
4989,17,28 patients,0.731
8493,10,Acute Care Hospitals,0.731
6403,12,Yes,0.731
8549,5,WOODLAND,0.731
1175,12,Yes,0.731
8962,18,CA_PN-3B,0.731
646,10,Acute Care Hospitals,0.731
8559,6,CA,0.731
5673,8,HOT SPRING,0.731
530,12,Yes,0.731
4222,6,AZ,0.731
2765,17,263 patients,0.731
7702,17,265 patients,0.731
974,16,99%,0.731
5248,9,5016221000,0.731
9198,17,159 patients,0.731
3419,12,Yes,0.731
9546,6,CA,0.731
4102,5,PHOENIX,0.731
436,16,100%,0.731
4784,4,101 COLE AVENUE,0.731
8165,6,CA,0.731
5554,3,MAGNOLIA HOSPITAL,0.731
6674,17,22 patients,0.731
6082,17,64 patients,0.731
1558,16,100%,0.731
8948,12,Yes,0.731
9510,3,FEATHER RIVER HOSPITAL,0.731
7854,10,Acute Care Hospitals,0.731
5395,5,WEST MEMPHIS,0.731
4008,12,Yes,0.731
3923,17,210 patients,0.731
7007,8,SAN DIEGO,0.731
7838,17,76 patients,0.731
5671,3,HOT SPRING COUNTY MEDICAL CENTER,0.731
5946,10,Acute Care Hospitals,0.731
861,4,1256 MILITARY STREET SOUTH,0.731
4539,17,44 patients,0.731
4274,11,Proprietary,0.731
9979,3,SAN LEANDRO HOSPITAL,0.731
8307,3,SAN MATEO MEDICAL CENTER,0.731
8977,8,SAN JOAQUIN,0.731
5638,3,NORTH METRO MEDICAL CENTER,0.731
4825,8,SANTA CRUZ,0.731
8955,12,Yes,0.731
6444,7,71832,0.731
5521,18,AR_PN-2,0.731
6055,4,1910 MALVERN AVENUE,0.731
8168,7,90262,0.731
8987,16,95%,0.731
7819,13,Surgical Infection Prevention,0.731
1260,5,EUFAULA,0.731
5308,12,Yes,0.731
1738,13,Pneumonia,0.731
8493,16,99%,0.731
6601,12,Yes,0.731
3191,8,YAVAPAI,0.731
6059,17,171 patients,0.731
6475,11,Voluntary non-profit - Other,0.731
6845,17,107 patients,0.731
1615,11,Government - Hospital District or Authority,0.731
9498,9,9496458600,0.731
5849,2,40091,0.731
327,3,STRINGFELLOW MEMORIAL HOSPITAL,0.731
6835,10,Acute Care Hospitals,0.731
8555,13,Surgical Infection Prevention,0.731
4227,4,5301 EAST GRANT ROAD,0.731
9166,15,Pneumonia Patients Assessed and Given Influenza Vaccination,0.731
8549,12,Yes,0.731
3515,4,10401 WEST THUNDERBIRD BOULEVARD,0.731
2348,12,Yes,0.731
3117,13,Pneumonia,0.731
1601,3,THOMAS HOSPITAL,0.731
5330,2,40036,0.731
4825,12,No,0.731
5311,7,72117,0.731
9928,18,CA_AMI-4,0.731
1573,3,D W MCMILLAN MEMORIAL HOSPITAL,0.731
6378,17,13 patients,0.731
3726,12,Yes,0.731
8660,8,YUBA,0.731
5169,17,50 patients,0.731
9632,11,Voluntary non-profit - Other,0.731
9750,11,Voluntary non-profit - Church,0.731
7134,17,33 patients,0.731
3111,6,AR,0.731
7241,10,Acute Care Hospitals,0.731
3663,13,Surgical Infection Prevention,0.731
9227,7,92677,0.731
7838,12,Yes,0.731
7529,10,Acute Care Hospitals,0.731
4065,7,85704,0.731
6819,17,308 patients,0.731
3772,12,Yes,0.731
8914,10,Acute Care Hospitals,0.731
8426,15,surgery patients whose preventive antibiotics were stopped at the right time (within 24 hours after surgery),0.731
7751,8,SAN FRANCISCO,0.731
9969,12,Yes,0.731
668,8,JEFFERSON,0.731
3283,6,AZ,0.731
3428,9,6022518156,0.731
7044,7,95966,0.731
5023,10,Acute Care Hospitals,0.731
7336,12,Yes,0.731
1725,10,Acute Care Hospitals,0.731
1922,16,100%,0.731
1550,3,ELMORE COMMUNITY HOSPITAL,0.731
648,11,Government - Local,0.731
3249,6,AZ,0.731
823,11,Proprietary,0.731
5774,17,193 patients,0.731
4411,6,AZ,0.731
257,17,24 patients,0.731
1570,16,83%,0.731
8537,8,YOLO,0.731
2458,11,Government Federal,0.731
3444,10,Acute Care Hospitals,0.731
8892,3,SAINT FRANCIS MEMORIAL HOSPITAL,0.731
1934,5,TROY,0.731
2779,4,2801 DEBARR ROAD,0.73
5185,16,100%,0.73
8821,4,200 WEST ARBOR DRIVE,0.73
1107,16,95%,0.73
271,17,208 patients,0.73
4539,16,95%,0.73
2796,11,Government - Local,0.73
2635,16,100%,0.73
3901,5,SCOTTSDALE,0.73
4751,7,86047,0.73
4437,7,85234,0.73
5792,10,Acute Care Hospitals,0.73
4743,7,86505,0.73
2294,11,Proprietary,0.73
6295,10,Critical Access Hospitals,0.73
2677,17,39 patients,0.73
3247,5,PHOENIX,0.73
9600,16,98%,0.73
4706,5,POLACCA,0.73
7044,4,2767 OLIVE HIGHWAY,0.73
5555,11,Government - Local,0.73
2269,15,surgery patients who were given the  right kind  of antibiotic to help prevent infection,0.73
1321,11,Government - Local,0.73
7109,3,ENLOE MEDICAL CENTER,0.73
3047,15,all heart surgery patients whose blood sugar (blood glucose) is kept under good control in the days right after surgery,0.73
583,8,CHAMBERS,0.73
9619,18,CA_SCIP-INF-2,0.73
2814,3,SITKA COMMUNITY HOSPITAL,0.73
1034,17,4 patients,0.73
8761,2,50139,0.73
9031,17,53 patients,0.73
2815,12,Yes,0.73
690,10,Acute Care Hospitals,0.73
2537,12,Yes,0.73
8835,11,Voluntary non-profit - Other,0.73
8491,5,SAN JOSE,0.73
779,8,MADISON,0.73
2922,12,Yes,0.73
9960,7,90095,0.73
3711,5,FORT DEFIANCE,0.73
8806,16,89%,0.73
9727,4,5555 WEST THUNDERBIRD ROAD,0.73
6345,4,2215 WILDWOOD AVENUE,0.73
4538,9,5206291821,0.73
4919,15,Pneumonia Patients Given the Most Appropriate Initial Antibiotic(s),0.73
3202,11,Voluntary non-profit - Other,0.73
9894,7,93308,0.73
4292,12,Yes,0.73
2361,3,RUSSELLVILLE HOSPITAL,0.73
8948,11,Proprietary,0.73
5218,4,609 WEST MAPLE AVENUE,0.73
5419,3,FIVE RIVERS MEDICAL CENTER,0.73
4743,9,9287554500,0.73
2409,10,Acute Care Hospitals,0.73
9036,13,Pneumonia,0.73
7615,16,100%,0.73
5671,7,72104,0.73
5849,8,HEMPSTEAD,0.73
7353,3,KAWEAH DELTA MEDICAL CENTER,0.73
5392,7,72301,0.73
947,17,31 patients,0.73
6924,15,Children and their Caregivers Who Received a Home Management Plan of Care Document While Hospitalized for Asthma,0.73
7103,11,Government - Local,0.73
5583,8,MISSISSIPPI,0.73
3854,7,86503,0.73
3724,12,Yes,0.73
8462,6,CA,0.73
4718,7,86042,0.73
3580,13,Surgical Infection Prevention,0.73
3933,5,MESA,0.73
8650,4,438 W LAS TUNAS DRIVE,0.73
7175,6,CA,0.73
7051,3,OROVILLE HOSPITAL,0.73
7051,13,Surgical Infection Prevention,0.73
2370,16,98%,0.73
8206,8,SACRAMENTO,0.73
9629,5,SAN LUIS OBISPO,0.73
3839,12,Yes,0.73
6697,4,2700 DOLBEER ST,0.73
1396,12,Yes,0.73
3522,7,85351,0.73
9072,8,ORANGE,0.73
5604,12,Yes,0.73
1922,3,LAKELAND COMMUNITY HOSPITAL,0.73
6444,12,No,0.73
2105,11,Proprietary,0.73
2313,12,No,0.73
5330,16,94%,0.73
9099,5,SANTA ROSA,0.73
8640,5,SAN GABRIEL,0.73
2458,10,Acute Care - VA Medical Center,0.73
9502,6,CA,0.73
1493,17,8 patients,0.73
4198,5,GOODYEAR,0.73
9253,8,SANTA CRUZ,0.73
9913,8,FRESNO,0.73
6921,8,LOS ANGELES,0.73
3322,2,30023,0.73
6549,12,Yes,0.73
3770,11,Government - Federal,0.73
6697,6,CA,0.73
979,3,MEDICAL CENTER ENTERPRISE,0.73
9031,8,LOS ANGELES,0.73
8462,9,8187907100,0.73
7247,10,Acute Care Hospitals,0.73
4603,6,AZ,0.73
8987,4,500 W HOSPITAL ROAD,0.73
6745,11,Voluntary non-profit - Private,0.73
2732,17,30 patients,0.73
8513,4,200 WEST ARBOR DRIVE,0.73
7021,4,200 WEST ARBOR DRIVE,0.73
3036,10,Acute Care Hospitals,0.73
940,5,GEORGIANA,0.73
3117,11,Government - Local,0.73
6555,5,DUMAS,0.73
6392,5,OSCEOLA,0.73
3580,12,Yes,0.73
1934,2,10126,0.73
5933,8,PULASKI,0.73
941,5,GEORGIANA,0.73
9022,17,604 patients,0.73
4924,13,Surgical Infection Prevention,0.73
2167,11,Government - Hospital District or Authority,0.73
2204,5,EVERGREEN,0.73
7602,18,CA_AMI-8A,0.73
5708,18,AR_SCIP-VTE-1,0.73
5023,7,72833,0.73
1539,12,No,0.73
9440,3,COAST PLAZA HOSPITAL,0.73
1207,18,AL_SCIP-VTE-1,0.73
1711,8,JEFFERSON,0.73
5789,5,HELENA,0.73
5947,8,CRAIGHEAD,0.73
6557,2,41326,0.73
8480,17,157 patients,0.73
5548,10,Acute Care Hospitals,0.73
3772,10,Acute Care Hospitals,0.73
9399,7,91740,0.73
6921,13,Surgical Infection Prevention,0.73
8860,6,CA,0.73
5123,9,8704144000,0.73
2428,2,10168,0.73
5152,12,Yes,0.73
6654,2,41330,0.73
7051,4,2767 OLIVE HIGHWAY,0.73
7052,8,BUTTE,0.73
4825,10,Critical Access Hospitals,0.73
9606,10,Acute Care Hospitals,0.73
6476,3,BAPTIST HEALTH MED CTR-ARKADELPHIA,0.73
887,10,Acute Care Hospitals,0.73
4191,7,85015,0.73
8287,3,SANTA MONICA - UCLA MED CTR & ORTHOPAEDIC HOSPITAL,0.73
36,16,84%,0.73
8551,16,100%,0.73
6819,8,NAPA,0.73
8303,3,SANTA MONICA - UCLA MED CTR & ORTHOPAEDIC HOSPITAL,0.73
1721,17,0 patients,0.73
4562,6,AZ,0.73
3302,13,Surgical Infection Prevention,0.73
1235,17,2 patients,0.73
3770,8,GILA,0.73
1732,12,Yes,0.73
2788,8,SITKA,0.73
4017,6,AZ,0.73
7171,17,43 patients,0.73
9960,8,LOS ANGELES,0.73
5266,4,2215 WILDWOOD AVENUE,0.73
5154,4,2215 WILDWOOD AVENUE,0.73
9887,10,Acute Care Hospitals,0.73
5849,10,Acute Care Hospitals,0.73
1049,12,Yes,0.73
6697,12,Yes,0.73
8480,5,GLENDALE,0.73
3089,11,Proprietary,0.73
8962,4,3291 LOMA VISTA RD,0.73
6366,5,OSCEOLA,0.73
1049,8,TALLAPOOSA,0.73
2609,11,Voluntary non-profit - Private,0.73
258,4,33700 HIGHWAY 43,0.73
823,17,520 patients,0.73
7595,15,patients who got treatment  at the right time (within 24 hours before or after their surgery) to help prevent blood clots after certain types of surgery,0.73
6905,10,Acute Care Hospitals,0.73
8893,6,CA,0.73
6249,7,72476,0.73
3494,3,KINGMAN REGIONAL MEDICAL CENTER,0.73
4816,5,NOGALES,0.73
6307,2,41311,0.73
9117,8,STANISLAUS,0.73
926,4,600 SOUTH THIRD STREET,0.73
5789,4,2215 WILDWOOD AVENUE,0.73
9887,12,No,0.73
8718,6,CA,0.73
6202,13,Pneumonia,0.73
3683,15,surgery patients who were taking heart drugs called beta blockers before coming to the hospital&#54; who were kept on the beta blockers during the period just before and after their surgery,0.73
1817,11,Voluntary non-profit - Private,0.73
3936,3,BANNER BAYWOOD MEDICAL CENTER,0.73
2502,8,TUSCALOOSA,0.73
2729,4,2801 DEBARR ROAD,0.73
8559,16,100%,0.73
5218,6,AR,0.73
3850,2,30084,0.73
5583,17,9 patients,0.73
5748,10,Acute Care Hospitals,0.73
9906,12,No,0.73
5933,4,TWO ST VINCENT CIRCLE,0.73
2086,3,HILL HOSPITAL OF SUMTER COUNTY,0.73
8856,9,5302746000,0.73
6371,13,Heart Attack,0.73
3888,10,Acute Care Hospitals,0.73
3839,5,PHOENIX,0.73
8738,11,Voluntary non-profit - Other,0.73
2877,10,Critical Access Hospitals,0.73
686,16,95%,0.73
4133,11,Government - Local,0.73
5405,16,94%,0.73
5145,6,AR,0.73
7615,2,10001,0.73
6909,3,PACIFIC ALLIANCE MEDICAL CENTER,0.73
5438,5,CAMDEN,0.73
6641,11,Voluntary non-profit - Church,0.73
1318,5,ANNISTON,0.73
977,11,Proprietary,0.73
8278,7,90004,0.73
4017,15,Heart Attack Patients Given Aspirin at Discharge,0.73
2827,16,57%,0.73
3734,9,9282832501,0.73
5375,8,POPE,0.73
7122,7,95926,0.73
9399,6,CA,0.73
8296,16,79%,0.73
6087,4,5201 NORTH SHORE DRIVE,0.73
8854,17,24 patients,0.73
7789,3,SCRIPPS MERCY HOSPITAL,0.73
12,12,Yes,0.73
3689,16,98%,0.73
7365,7,93291,0.73
1126,13,Surgical Infection Prevention,0.73
9619,4,200 WEST ARBOR DRIVE,0.73
2459,10,Acute Care - VA Medical Center,0.73
9718,12,Yes,0.73
4593,6,AZ,0.73
3552,17,31 patients,0.73
9378,18,CA_AMI-4,0.73
9619,10,Acute Care Hospitals,0.73
6374,6,AR,0.73
1956,12,Yes,0.73
202,12,Yes,0.73
2260,3,BIRMINGHAM VA MEDICAL CENTER,0.73
8876,12,Yes,0.73
7432,3,HOLLYWOOD PRESBYTERIAN MEDICAL CENTER,0.73
9502,12,Yes,0.73
4193,16,97%,0.73
6316,8,CLEBURNE,0.73
8287,12,Yes,0.73
8462,4,5555 WEST THUNDERBIRD ROAD,0.73
2104,10,Acute Care Hospitals,0.73
2392,8,JEFFERSON,0.73
9498,17,261 patients,0.73
3387,8,GILA,0.73
7068,11,Voluntary non-profit - Private,0.73
7948,8,LOS ANGELES,0.73
4924,15,surgery patients whose preventive antibiotics were stopped at the right time (within 24 hours after surgery),0.73
926,8,ETOWAH,0.73
9386,17,68 patients,0.73
6229,8,DESHA,0.73
8650,18,CA_PN-7,0.73
3398,11,Voluntary non-profit - Other,0.73
5687,4,1910 MALVERN AVENUE,0.73
1738,10,Acute Care Hospitals,0.73
4227,7,85713,0.73
4816,11,Voluntary non-profit - Private,0.73
7175,16,100%,0.73
3117,10,Critical Access Hospitals,0.73
6601,8,CHICOT,0.73
5313,2,10019,0.73
5504,7,72901,0.73
9461,10,Acute Care Hospitals,0.73
1721,10,Acute Care Hospitals,0.73
5913,5,LITTLE ROCK,0.73
3667,5,LAKE HAVASU CITY,0.73
3191,2,30012,0.73
3625,10,Acute Care Hospitals,0.73
8499,11,Voluntary non-profit - Church,0.73
5197,11,Voluntary non-profit - Church,0.73
6841,16,99%,0.73
1558,10,Acute Care Hospitals,0.729
3451,12,No,0.729
4384,10,Acute Care Hospitals,0.729
781,11,Government - Hospital District or Authority,0.729
6485,10,Critical Access Hospitals,0.729
2279,15,Heart Attack Patients Given Beta Blocker at Discharge,0.729
2862,12,Yes,0.729
7007,4,5555 GROSSMONT CENTER DRIVE BOX 58,0.729
4422,6,AZ,0.729
107,8,COVINGTON,0.729
3983,7,85027,0.729
7852,17,1 patients,0.729
3929,17,38 patients,0.729
6487,16,96%,0.729
8118,18,CA_PN-6,0.729
8549,10,Acute Care Hospitals,0.729
844,4,1010 LAY DAM ROAD,0.729
6316,17,4 patients,0.729
6835,8,AMADOR,0.729
1025,12,No,0.729
8640,7,91778,0.729
3419,14,PN-7,0.729
5748,12,No,0.729
7004,12,Yes,0.729
7672,6,CA,0.729
7496,16,100%,0.729
7470,2,50067,0.729
3354,10,Acute Care Hospitals,0.729
7257,12,Yes,0.729
6996,17,200 patients,0.729
176,10,Acute Care Hospitals,0.729
3660,9,9283484000,0.729
9965,17,28 patients,0.729
3355,12,Yes,0.729
4129,18,AZ_HF-3,0.729
2677,12,Yes,0.729
2251,16,100%,0.729
5756,5,MURFREESBORO,0.729
1675,2,10103,0.729
4139,4,6644 EAST BAYWOOD AVENUE,0.729
3989,7,85027,0.729
6514,10,Critical Access Hospitals,0.729
8735,16,100%,0.729
4593,12,No,0.729
2815,17,3 patients,0.729
2860,4,2801 DEBARR ROAD,0.729
5789,7,72342,0.729
9227,12,Yes,0.729
8128,7,90033,0.729
3667,18,AZ_AMI-2,0.729
7501,9,6507423200,0.729
8271,9,2133827252,0.729
4538,5,TUCSON,0.729
7777,9,6192948111,0.729
8640,15,Heart Attack Patients Given PCI Within 90 Minutes Of Arrival,0.729
4738,12,Yes,0.729
6770,4,CASTRO  DUBOCE STS,0.729
7141,16,100%,0.729
4960,6,AR,0.729
5717,7,72112,0.729
5015,12,Yes,0.729
2973,10,Acute Care Hospitals,0.729
4422,15,all heart surgery patients whose blood sugar (blood glucose) is kept under good control in the days right after surgery,0.729
3302,18,AZ_SCIP-VTE-2,0.729
8761,18,CA_PN-2,0.729
5160,17,0 patients,0.729
6905,6,CA,0.729
2260,4,1720 UNIVERSITY BLVD,0.729
8597,4,1805 MEDICAL CENTER DRIVE,0.729
5722,9,8705238911,0.729
7579,12,Yes,0.729
9894,17,0 patients,0.729
4229,11,Voluntary non-profit - Private,0.729
5406,7,72301,0.729
5152,2,40018,0.729
7109,10,Acute Care Hospitals,0.729
1844,16,98%,0.729
7852,6,CA,0.729
9247,8,ORANGE,0.729
6770,2,50008,0.729
837,17,4 patients,0.729
1862,8,DALLAS,0.729
3663,5,SAFFORD,0.729
2251,12,No,0.729
6919,3,PACIFIC ALLIANCE MEDICAL CENTER,0.729
9195,7,90813,0.729
1235,4,24273 FIFTH AVENUE,0.729
8342,4,555 E VALLEY PARKWAY,0.729
5887,3,VA CENTRAL AR. VETERANS HEALTHCARE SYSTEM LR,0.729
4876,7,85016,0.729
6393,12,Yes,0.729
8532,18,CA_SCIP-VTE-1,0.729
9356,10,Acute Care Hospitals,0.729
3667,10,Acute Care Hospitals,0.729
6345,10,Critical Access Hospitals,0.729
6277,9,8702694361,0.729
9968,10,Acute Care Hospitals,0.729
7389,5,GLENDALE,0.729
5966,7,72503,0.729
7934,10,Acute Care Hospitals,0.729
638,10,Acute Care Hospitals,0.729
8087,6,CA,0.729
4129,9,4808545050,0.729
7109,16,99%,0.729
3442,16,92%,0.729
5425,10,Acute Care Hospitals,0.729
367,2,10086,0.729
6681,10,Acute Care Hospitals,0.729
8128,8,LOS ANGELES,0.729
2779,12,No,0.729
8128,2,10001,0.729
6229,5,MCGEHEE,0.729
6444,18,AR_AMI-1,0.729
8537,3,WOODLAND MEMORIAL HOSPITAL,0.729
327,12,Yes,0.729
258,3,SOUTHWEST ALABAMA MEDICAL CENTER,0.729
6745,17,203 patients,0.729
9421,3,ALAMEDA HOSPITAL,0.729
8206,6,CA,0.729
858,17,0 patients,0.729
2023,3,ST VINCENT-S ST CLAIR,0.729
4551,5,PRESCOTT,0.729
9329,9,6503675551,0.729
4129,7,85206,0.729
9465,2,50222,0.729
7934,4,347 ANDRIEUX ST,0.729
3525,3,BANNER BOSWELL MEDICAL CENTER,0.729
3888,16,100%,0.729
3036,16,86%,0.729
890,17,41 patients,0.729
4697,15,all heart surgery patients whose blood sugar (blood glucose) is kept under good control in the days right after surgery,0.729
9913,13,Pneumonia,0.729
6036,17,0 patients,0.729
7338,13,Surgical Infection Prevention,0.729
9132,10,Acute Care Hospitals,0.729
1118,3,BIBB MEDICAL CENTER,0.729
6316,5,HEBER SPRINGS,0.729
4919,7,72830,0.729
8797,7,92335,0.729
7353,9,5596242000,0.729
4292,18,AZ_SCIP-INF-6,0.729
7607,17,175 patients,0.729
9195,16,90%,0.729
1306,7,36251,0.729
3888,5,TUCSON,0.729
6088,4,5201 NORTH SHORE DRIVE,0.729
3663,11,Government - Hospital District or Authority,0.729
3625,11,Voluntary non-profit - Other,0.729
8362,11,Voluntary non-profit - Other,0.729
9461,16,92%,0.729
7761,16,93%,0.729
8265,7,90004,0.729
6288,11,Voluntary non-profit - Other,0.729
5346,5,PARAGOULD,0.729
8555,7,95695,0.729
638,5,OPELIKA,0.729
2753,11,Government - Federal,0.729
6654,17,5 patients,0.729
9216,18,CA_PN-7,0.729
5268,11,Voluntary non-profit - Other,0.729
3657,5,SAFFORD,0.729
7728,3,SAINT LOUISE REGIONAL HOSPITAL,0.729
5123,11,Voluntary non-profit - Private,0.729
3300,10,Acute Care Hospitals,0.729
8894,8,SAN FRANCISCO,0.729
4925,11,Voluntary non-profit - Private,0.729
9257,4,200 WEST ARBOR DRIVE,0.729
7335,4,200 WEST ARBOR DRIVE,0.729
2448,16,100%,0.729
3913,10,Acute Care Hospitals,0.729
8356,5,NORTHRIDGE,0.729
1371,16,100%,0.729
8822,5,MONTEREY,0.729
6113,11,Proprietary,0.729
2215,16,91%,0.729
4368,5,PRESCOTT VALLEY,0.729
4138,16,94%,0.729
3249,17,100 patients,0.729
7335,9,6619495501,0.729
1927,11,Proprietary,0.729
2084,9,2053925263,0.729
6477,4,3050 TWIN RIVERS DRIVE,0.729
2027,4,101 SIVLEY RD,0.729
638,17,241 patients,0.729
1601,4,750 MORPHY AVENUE,0.729
9378,13,Heart Attack,0.729
4008,10,Acute Care Hospitals,0.729
8893,8,SAN FRANCISCO,0.729
5616,7,72160,0.729
3811,18,AZ_SCIP-INF-3,0.729
3146,18,CA_PN-3B,0.729
8274,5,LOS ANGELES,0.729
3901,16,100%,0.729
5123,4,2215 WILDWOOD AVENUE,0.729
4258,3,ARIZONA ORTHOPEDIC SURGICAL HOSPITAL,0.729
6996,10,Acute Care Hospitals,0.729
944,5,GEORGIANA,0.729
6082,7,72118,0.729
6835,7,95642,0.729
3989,11,Voluntary non-profit - Private,0.729
5555,15,surgery patients whose preventive antibiotics were stopped at the right time (within 24 hours after surgery),0.729
2348,8,COLBERT,0.729
9267,17,19 patients,0.729
8011,5,CASTRO VALLEY,0.729
9050,10,Acute Care Hospitals,0.729
9028,3,PRESBYTERIAN INTERCOMMUNITY HOSPITAL,0.729
9955,2,10009,0.729
4008,17,105 patients,0.729
3419,17,83 patients,0.729
2693,10,Acute Care Hospitals,0.729
9376,10,Acute Care Hospitals,0.729
3160,3,CARONDELET ST JOSEPHS HOSPITAL,0.729
3303,10,Acute Care Hospitals,0.729
8835,3,CALIFORNIA HOSPITAL MEDICAL CENTER LA,0.729
456,16,98%,0.729
2335,16,83%,0.729
6398,10,Critical Access Hospitals,0.729
8118,4,4445 MAGNOLIA AVENUE,0.729
2784,4,2801 DEBARR ROAD,0.729
9232,5,LAGUNA BEACH,0.729
4876,16,100%,0.729
4265,18,AZ_SCIP-INF-3,0.729
7052,5,OROVILLE,0.729
4035,7,85308,0.729
2732,10,Acute Care Hospitals,0.729
5405,15,surgery patients whose doctors ordered treatments to prevent blood clots after certain types of surgeries,0.729
9937,13,Pneumonia,0.729
1927,12,No,0.729
7365,10,Acute Care Hospitals,0.729
8537,5,WOODLAND,0.729
6936,3,RIVERSIDE COMMUNITY HOSPITAL,0.729
8362,7,91325,0.729
9198,7,90813,0.729
9498,5,NEWPORT BEACH,0.729
9510,5,PARADISE,0.729
8356,12,Yes,0.729
9893,5,BAKERSFIELD,0.729
5748,16,100%,0.729
8835,13,Heart Failure,0.729
668,3,UNIVERSITY OF ALABAMA HOSPITAL,0.729
3303,8,COCONINO,0.729
6790,13,Surgical Infection Prevention,0.729
6229,16,97%,0.729
3878,18,AZ_PN-3B,0.729
7934,5,SONOMA,0.729
3400,9,9284743222,0.729
1781,10,Acute Care Hospitals,0.729
4538,17,183 patients,0.729
3247,12,Yes,0.729
8977,6,CA,0.729
4796,13,Surgical Infection Prevention,0.729
6145,15,Heart Attack Patients Given Fibrinolytic Medication Within 30 Minutes Of Arrival,0.729
5748,5,MURFREESBORO,0.729
6016,16,94%,0.729
3943,16,97%,0.729
9019,7,92835,0.729
3854,10,Acute Care Hospitals,0.729
3936,7,85206,0.729
1371,11,Proprietary,0.729
9795,7,92262,0.729
3854,16,0%,0.729
5065,4,311 NORTH MORROW STREET,0.729
9718,6,CA,0.729
648,10,Acute Care Hospitals,0.729
2591,9,9072613675,0.729
2215,4,101 CRESTVIEW AVENUE,0.729
8621,5,NOVATO,0.729
9464,15,Pneumonia Patients Given Initial Antibiotic(s) within 6 Hours After Arrival,0.729
3936,12,Yes,0.729
9056,6,CA,0.729
8660,3,RIDEOUT MEMORIAL HOSPITAL,0.729
6610,15,Pneumonia Patients Assessed and Given Influenza Vaccination,0.729
4672,8,COCHISE,0.728
4478,2,10019,0.728
6374,4,2215 WILDWOOD AVENUE,0.728
400,9,3343614267,0.728
1550,10,Acute Care Hospitals,0.728
662,10,Acute Care Hospitals,0.728
9606,7,91767,0.728
1513,11,Government - Hospital District or Authority,0.728
2847,4,2801 DEBARR ROAD,0.728
1434,4,3400 HIGHWAY 78 EAST,0.728
3481,18,AZ_SCIP-INF-4,0.728
5521,4,7301 ROGERS AVE,0.728
4265,10,Acute Care Hospitals,0.728
2064,8,JEFFERSON,0.728
4838,6,AZ,0.728
7470,6,CA,0.728
4778,4,101 COLE AVENUE,0.728
6306,12,Yes,0.728
4035,11,Proprietary,0.728
9718,8,LOS ANGELES,0.728
8128,5,LOS ANGELES,0.728
6025,10,Acute Care Hospitals,0.728
3236,17,238 patients,0.728
1936,10,Acute Care Hospitals,0.728
4100,3,ARIZONA HEART HOSPITAL,0.728
2458,3,VA CENTRAL ALABAMA HEALTHCARE SYSTEM - MONTG,0.728
2699,15,Heart Failure Patients Given an Evaluation of Left Ventricular Systolic (LVS) Function,0.728
9682,17,426 patients,0.728
9969,13,Surgical Infection Prevention,0.728
2459,11,Government Federal,0.728
2677,9,9074528181,0.728
3294,5,PHOENIX,0.728
5466,5,MONTICELLO,0.728
7883,11,Voluntary non-profit - Church,0.728
1271,4,820 W WASHINGTON ST,0.728
4719,12,Yes,0.728
4139,16,100%,0.728
6723,17,154 patients,0.728
5614,4,2215 WILDWOOD AVENUE,0.728
6360,9,8709463571,0.728
6641,9,8704233355,0.728
9916,3,FRESNO VA MEDICAL CENTER (VA CENTRAL CALIFOR,0.728
7602,6,CA,0.728
9574,6,CA,0.728
6601,11,Government - Local,0.728
7529,2,50071,0.728
2418,3,SUMMIT HOSPITAL,0.728
2027,10,Acute Care Hospitals,0.728
5846,2,40091,0.728
5744,11,Government - Local,0.728
6371,6,AR,0.728
2796,8,SITKA,0.728
1974,17,2 patients,0.728
2252,3,BIRMINGHAM VA MEDICAL CENTER,0.728
7488,11,Voluntary non-profit - Church,0.728
9022,7,92835,0.728
6681,2,50002,0.728
6360,8,ARKANSAS,0.728
3444,13,Pneumonia,0.728
3117,17,61 patients,0.728
8977,17,11 patients,0.728
8490,7,95116,0.728
5169,9,8702610000,0.728
3444,9,6022518156,0.728
6082,4,5201 NORTH SHORE DRIVE,0.728
9190,16,93%,0.728
7699,7,93463,0.728
3734,10,Acute Care Hospitals,0.728
2624,4,2801 DEBARR ROAD,0.728
7819,18,CA_SCIP-INF-6,0.728
5213,12,No,0.728
944,17,5 patients,0.728
3582,12,Yes,0.728
9292,4,2000 MOWRY AVE,0.728
3901,2,30087,0.728
3146,9,9517692101,0.728
9642,13,Surgical Infection Prevention,0.728
1306,11,Voluntary non-profit - Other,0.728
9164,12,Yes,0.728
6082,13,Surgical Infection Prevention,0.728
6087,17,618 patients,0.728
4258,2,30112,0.728
1673,7,35211,0.728
1266,4,820 W WASHINGTON ST,0.728
7789,8,SAN DIEGO,0.728
6557,11,Voluntary non-profit - Private,0.728
9465,12,Yes,0.728
1321,12,Yes,0.728
489,18,AL_SCIP-INF-6,0.728
8551,12,Yes,0.728
4866,6,AZ,0.728
3302,11,Government - Local,0.728
4227,16,16%,0.728
8493,11,Voluntary non-profit - Church,0.728
9920,13,Surgical Infection Prevention,0.728
583,16,75%,0.728
9589,4,12601 GARDEN GROVE BLVD,0.728
2335,11,Government - Hospital District or Authority,0.728
1021,11,Government - Local,0.728
3238,16,100%,0.728
8876,9,4157754321,0.728
5169,10,Acute Care Hospitals,0.728
8987,3,SAN JOAQUIN GENERAL HOSPITAL,0.728
2372,11,Proprietary,0.728
4205,8,MARICOPA,0.728
9465,16,95%,0.728
6905,8,LOS ANGELES,0.728
7555,11,Voluntary non-profit - Other,0.728
7079,17,148 patients,0.728
9227,8,ORANGE,0.728
3048,13,Surgical Infection Prevention,0.728
6921,5,LOS ANGELES,0.728
2335,3,SHOALS HOSPITAL,0.728
5455,16,91%,0.728
1545,17,1 patients,0.728
8987,10,Acute Care Hospitals,0.728
9887,4,420 34TH ST BOX 1888,0.728
2784,16,50%,0.728
9960,11,Government - State,0.728
4760,10,Critical Access Hospitals,0.728
7432,4,1300 N VERMONT AVE,0.728
185,16,93%,0.728
3943,11,Government - Hospital District or Authority,0.728
6641,12,No,0.728
4876,10,Childrens,0.728
9198,12,Yes,0.728
9531,8,ORANGE,0.728
2862,8,KETCHIKAN GATEWAY,0.728
6082,12,Yes,0.728
8741,10,Acute Care Hospitals,0.728
3707,8,APACHE,0.728
8219,2,50108,0.728
3657,18,AZ_PN-7,0.728
1182,16,50%,0.728
8686,3,PETALUMA VALLEY HOSPITAL,0.728
4198,7,85338,0.728
6514,12,Yes,0.728
8835,5,LOS ANGELES,0.728
939,10,Acute Care Hospitals,0.728
8342,7,92025,0.728
5278,15,all heart surgery patients whose blood sugar (blood glucose) is kept under good control in the days right after surgery,0.728
5218,16,94%,0.728
8929,17,15 patients,0.728
8640,8,LOS ANGELES,0.728
3586,11,Voluntary non-profit - Private,0.728
172,8,MARSHALL,0.728
5277,11,Voluntary non-profit - Other,0.728
7496,17,93 patients,0.728
12,4,1300 SOUTH MONTGOMERY AVENUE,0.728
4198,6,AZ,0.728
8490,4,225 N JACKSON AVENUE,0.728
781,13,Heart Attack,0.728
3117,5,CLINTON,0.728
9465,3,SHARP CHULA VISTA MEDICAL CENTER,0.728
691,16,77%,0.728
7365,4,400 W MINERAL KING AVE,0.728
6277,16,83%,0.728
4129,12,Yes,0.728
1017,10,Acute Care Hospitals,0.728
3657,8,GRAHAM,0.728
3824,16,94%,0.728
1723,3,PRATTVILLE BAPTIST HOSPITAL,0.728
9461,8,SAN DIEGO,0.728
5671,5,MALVERN,0.728
2726,12,Yes,0.728
9195,6,CA,0.728
5616,3,BAPTIST HEALTH MEDICAL CENTER-STUTTGART,0.728
2011,10,Acute Care Hospitals,0.728
258,16,100%,0.728
7007,10,Acute Care Hospitals,0.728
4258,7,85225,0.728
4965,9,5015523000,0.728
7874,5,STOCKTON,0.728
9192,5,LONG BEACH,0.728
40,13,Surgical Infection Prevention,0.728
6393,15,patients who got treatment  at the right time (within 24 hours before or after their surgery) to help prevent blood clots after certain types of surgery,0.728
6746,18,CA_SCIP-VTE-2,0.728
4877,5,PHOENIX,0.728
3901,12,Yes,0.728
9192,7,90813,0.728
4778,10,Critical Access Hospitals,0.728
1711,9,2055921000,0.728
7122,18,CA_PN-5C,0.728
4989,12,Yes,0.728
9399,3,EAST VALLEY HOSPITAL MEDICAL CENTER,0.728
661,10,Acute Care Hospitals,0.728
2732,3,CENTRAL PENINSULA GENERAL HOSPITAL,0.728
9267,5,WATSONVILLE,0.728
9257,10,Acute Care Hospitals,0.728
6654,6,AR,0.728
4718,5,POLACCA,0.728
2411,5,PHENIX CITY,0.728
7699,10,Acute Care Hospitals,0.728
3023,3,SCOTTSDALE HEALTHCARE-OSBORN MEDICAL CENTER,0.728
3683,7,86403,0.728
5887,17,15 patients,0.728
1396,13,Pneumonia,0.728
9642,11,Voluntary non-profit - Other,0.728
9920,11,Government Federal,0.728
3950,3,BANNER THUNDERBIRD MEDICAL CENTER,0.728
8087,9,7075545280,0.728
9166,4,200 WEST ARBOR DRIVE,0.728
1321,17,140 patients,0.728
7103,18,CA_SCIP-INF-3,0.728
7854,11,Voluntary non-profit - Church,0.728
911,8,ETOWAH,0.728
5940,8,CRAIGHEAD,0.728
1594,12,Yes,0.728
2036,8,MADISON,0.728
8393,5,MANTECA,0.728
3663,10,Acute Care Hospitals,0.728
9056,17,0 patients,0.728
8165,4,3630 EAST IMPERIAL HIGHWAY,0.728
9918,3,FRESNO VA MEDICAL CENTER (VA CENTRAL CALIFOR,0.728
6485,15,Pneumonia Patients Assessed and Given Influenza Vaccination,0.728
5065,16,88%,0.728
8671,16,86%,0.728
8856,8,NEVADA,0.728
3023,4,7400 EAST OSBORN ROAD,0.728
8202,12,Yes,0.728
1567,4,500 HOSPITAL DRIVE,0.728
5050,11,Proprietary,0.728
3775,3,PHS INDIAN HOSPITAL-SAN CARLOS,0.728
151,3,HARTSELLE MEDICAL CENTER,0.728
2410,10,Acute Care Hospitals,0.728
8493,9,4082595000,0.728
7109,7,95926,0.728
9606,16,100%,0.728
4951,2,40004,0.728
8862,12,Yes,0.728
2542,11,Voluntary non-profit - Other,0.728
3400,11,Voluntary non-profit - Other,0.728
2313,3,INFIRMARY WEST,0.728
6996,3,GROSSMONT HOSPITAL,0.728
1025,11,Government - Local,0.728
8219,18,CA_PN-4,0.728
1922,10,Acute Care Hospitals,0.728
5053,16,80%,0.728
4183,3,SURGICAL SPECIALTY HOSPITAL OF ARIZONA,0.728
2372,12,Yes,0.728
9256,4,200 WEST ARBOR DRIVE,0.728
2413,16,74%,0.728
8963,6,CA,0.728
5851,15,Pneumonia Patients Assessed and Given Influenza Vaccination,0.728
3689,7,86403,0.728
7434,12,Yes,0.728
4838,12,Yes,0.728
5425,6,AR,0.728
8171,6,CA,0.728
61,10,Acute Care Hospitals,0.728
4274,17,65 patients,0.728
6654,7,72454,0.728
2247,9,3342448330,0.728
926,5,GADSDEN,0.728
6444,5,DE QUEEN,0.728
5145,10,Acute Care Hospitals,0.728
4138,5,MESA,0.728
9894,6,CA,0.728
151,10,Acute Care Hospitals,0.728
1699,8,JEFFERSON,0.728
1321,9,2562355121,0.728
1862,7,36701,0.728
4876,11,Voluntary non-profit - Private,0.728
3048,10,Acute Care Hospitals,0.728
3525,7,85351,0.728
926,16,79%,0.728
5467,8,DREW,0.728
2641,11,Proprietary,0.728
5268,17,177 patients,0.728
4869,2,31315,0.728
8610,18,CA_AMI-2,0.728
8462,10,Acute Care Hospitals,0.728
6426,4,880 WEST MAIN,0.728
2348,2,10157,0.728
6070,6,AR,0.728
6221,4,900 SOUTH THIRD STREET,0.727
7165,17,78 patients,0.727
941,3,GEORGIANA HOSPITAL,0.727
638,2,10029,0.727
9578,8,ORANGE,0.727
583,3,G H LANIER MEMORIAL HOSPITAL,0.727
5406,4,2215 WILDWOOD AVENUE,0.727
2105,8,JEFFERSON,0.727
8630,8,MARIN,0.727
8684,3,PETALUMA VALLEY HOSPITAL,0.727
2989,2,30007,0.727
489,12,Yes,0.727
6538,12,Yes,0.727
5213,11,Proprietary,0.727
3625,9,9286697300,0.727
6996,13,Pneumonia,0.727
9198,11,Voluntary non-profit - Church,0.727
861,11,Voluntary non-profit - Private,0.727
7900,3,COMMUNITY HOSPITAL OF SAN BERNARDINO,0.727
5521,11,Voluntary non-profit - Church,0.727
5970,10,Acute Care Hospitals,0.727
8914,5,SAN JOSE,0.727
4876,4,4212 N 16TH ST,0.727
8241,11,Government - Hospital District or Authority,0.727
4768,10,Critical Access Hospitals,0.727
6697,16,100%,0.727
2862,3,KETCHIKAN GENERAL HOSPITAL,0.727
9440,8,LOS ANGELES,0.727
8110,4,4445 MAGNOLIA AVENUE,0.727
3998,2,30093,0.727
2868,3,SOUTH PENINSULA HOSPITAL,0.727
901,11,Voluntary non-profit - Other,0.727
8698,2,50136,0.727
4738,13,Pneumonia,0.727
5291,2,40029,0.727
9937,10,Acute Care Hospitals,0.727
8860,7,95945,0.727
4368,7,86314,0.727
502,3,CHEROKEE MEDICAL CENTER,0.727
5313,7,72117,0.727
1971,3,JACKSON MEDICAL CENTER,0.727
9036,2,50169,0.727
3471,17,399 patients,0.727
6963,13,Pneumonia,0.727
4706,8,NAVAJO,0.727
3901,17,25 patients,0.727
7458,12,Yes,0.727
8555,12,Yes,0.727
8701,7,91402,0.727
7530,3,KAISER FOUNDATION HOSPITAL-SANTA CLARA,0.727
3950,10,Acute Care Hospitals,0.727
1092,2,10056,0.727
25,8,HOUSTON,0.727
7602,8,ALAMEDA,0.727
8532,17,248 patients,0.727
6476,12,Yes,0.727
2788,3,MT EDGECUMBE HOSPITAL,0.727
3647,8,GRAHAM,0.727
9632,8,SAN LUIS OBISPO,0.727
4587,17,31 patients,0.727
7243,6,CA,0.727
258,8,CLARKE,0.727
8378,12,Yes,0.727
8660,10,Acute Care Hospitals,0.727
890,3,FAYETTE MEDICAL CENTER,0.727
8735,7,90027,0.727
8610,3,NOVATO COMMUNITY HOSPITAL,0.727
3442,9,6022518156,0.727
5311,3,BAPTIST HEALTH MEDICAL CENTER NORTH LITTLE ROCK,0.727
9893,2,50257,0.727
8254,10,Acute Care Hospitals,0.727
5912,17,96 patients,0.727
4960,9,5015523000,0.727
8665,3,RIDEOUT MEMORIAL HOSPITAL,0.727
5614,9,8706733511,0.727
5887,16,100%,0.727
3512,10,Acute Care Hospitals,0.727
1567,5,WETUMPKA,0.727
2428,5,PHENIX CITY,0.727
7529,16,100%,0.727
3139,11,Government - State,0.727
502,12,Yes,0.727
2862,10,Critical Access Hospitals,0.727
8806,8,MONTEREY,0.727
5455,17,34 patients,0.727
9619,17,578 patients,0.727
6706,4,2700 DOLBEER ST,0.727
3582,5,TUCSON,0.727
2392,12,Yes,0.727
2372,8,FRANKLIN,0.727
5894,9,5012571000,0.727
5335,3,ARKANSAS METHODIST MEDICAL CENTER,0.727
7470,11,Government - Hospital District or Authority,0.727
3659,7,85546,0.727
5548,12,Yes,0.727
8822,9,8316245311,0.727
4784,8,COCHISE,0.727
9546,3,AHMC ANAHEIM REGIONAL MEDICAL CENTER,0.727
8477,10,Acute Care Hospitals,0.727
5812,3,MEDICAL CENTER SOUTH ARKANSAS,0.727
9632,10,Acute Care Hospitals,0.727
3660,8,GRAHAM,0.727
5050,5,SEARCY,0.727
8403,8,SAN JOAQUIN,0.727
5197,8,CRAIGHEAD,0.727
6841,6,CA,0.727
5851,8,HEMPSTEAD,0.727
8687,3,PETALUMA VALLEY HOSPITAL,0.727
9117,16,78%,0.727
5313,9,5012023000,0.727
5712,3,HARRIS HOSPITAL,0.727
7555,5,WALNUT CREEK,0.727
1721,3,PRATTVILLE BAPTIST HOSPITAL,0.727
5405,2,40042,0.727
9541,5,ANAHEIM,0.727
940,11,Voluntary non-profit - Private,0.727
8687,7,94954,0.727
5392,12,Yes,0.727
1781,11,Government - Hospital District or Authority,0.727
8426,16,84%,0.727
1885,16,96%,0.727
6288,4,2215 WILDWOOD AVENUE,0.727
9225,3,SOUTH COAST MEDICAL CENTER,0.727
3854,9,9286747040,0.727
1456,2,10090,0.727
7141,2,50040,0.727
1998,17,32 patients,0.727
2779,8,SITKA,0.727
8165,5,LYNWOOD,0.727
7883,13,Pneumonia,0.727
6774,10,Acute Care Hospitals,0.727
1545,16,100%,0.727
3619,3,LA PAZ REGIONAL HOSPITAL,0.727
4377,12,Yes,0.727
9606,17,63 patients,0.727
3929,11,Government - Hospital District or Authority,0.727
3659,5,SAFFORD,0.727
6674,4,27200 CALAROGA AVE,0.727
7644,17,0 patients,0.727
2398,17,152 patients,0.727
4274,15,Heart Attack Patients Given Beta Blocker at Discharge,0.727
1594,2,10099,0.727
5268,6,AR,0.727
6770,11,Voluntary non-profit - Other,0.727
6642,3,ST JOHN-S HOSPITAL-BERRYVILLE,0.727
9510,4,5974 PENTZ ROAD,0.727
8735,4,531 W COLLEGE ST,0.727
5268,3,BAXTER REGIONAL MEDICAL CENTER,0.727
7854,6,CA,0.727
7044,16,97%,0.727
6790,3,QUEEN OF THE VALLEY MEDICAL CENTER,0.727
3888,8,PIMA,0.727
1922,17,12 patients,0.727
6674,3,ST ROSE HOSPITAL,0.727
9453,12,Yes,0.727
1781,5,DEMOPOLIS,0.727
4719,8,NAVAJO,0.727
9968,12,Yes,0.727
8270,11,Proprietary,0.727
8393,16,96%,0.727
9682,5,BURBANK,0.727
2401,4,810 ST VINCENTS DRIVE,0.727
7969,11,Voluntary non-profit - Private,0.727
7793,6,CA,0.727
9629,7,93401,0.727
4222,5,TUCSON,0.727
4919,2,40002,0.727
6036,12,Yes,0.727
6774,3,QUEEN OF THE VALLEY MEDICAL CENTER,0.727
8914,15,Pneumonia Patients Given Initial Antibiotic(s) within 6 Hours After Arrival,0.727
6025,5,SHERWOOD,0.727
61,8,MARSHALL,0.727
2215,10,Acute Care Hospitals,0.727
6082,16,97%,0.727
5196,11,Voluntary non-profit - Church,0.727
4706,10,Critical Access Hospitals,0.727
7615,8,SAN BERNARDINO,0.727
1034,12,Yes,0.727
7496,8,SAN MATEO,0.727
9461,12,Yes,0.727
3933,16,90%,0.727
7595,3,KAISER FOUNDATION HOSPITAL VALLEJO,0.727
3683,18,AZ_SCIP-CARD-2,0.727
5021,16,0%,0.727
1956,10,Acute Care Hospitals,0.727
3811,17,22 patients,0.727
7948,7,90255,0.727
6444,10,Critical Access Hospitals,0.727
8555,9,5306623961,0.727
7243,16,100%,0.727
9019,3,ST JUDE MEDICAL CENTER,0.727
3854,6,AZ,0.727
6832,17,14 patients,0.727
8118,17,110 patients,0.727
5559,2,40067,0.727
7854,5,OXNARD,0.727
5127,11,Voluntary non-profit - Private,0.727
11,10,Acute Care Hospitals,0.727
8718,17,242 patients,0.727
6819,6,CA,0.727
6761,6,CA,0.727
1862,4,1015 MEDICAL CENTER PARKWAY,0.727
2104,7,35209,0.727
9664,12,Yes,0.727
4191,17,0 patients,0.727
6059,3,HEALTHPARK HOSPITAL,0.727
8118,2,50102,0.727
6589,13,Surgical Infection Prevention,0.727
9164,4,200 WEST ARBOR DRIVE,0.727
8191,7,93454,0.727
5065,18,AR_PN-2,0.727
4869,12,Yes,0.727
7007,3,GROSSMONT HOSPITAL,0.727
6476,17,24 patients,0.727
8684,5,PETALUMA,0.727
9267,4,200 WEST ARBOR DRIVE,0.727
7376,12,Yes,0.727
9510,12,Yes,0.727
6307,11,Government - Local,0.727
4384,8,MARICOPA,0.727
3355,6,AZ,0.727
8051,6,CA,0.727
4551,2,10001,0.727
7265,16,100%,0.727
6202,3,CROSSRIDGE COMMUNITY HOSPITAL,0.727
8731,8,LOS ANGELES,0.727
9036,10,Acute Care Hospitals,0.727
4008,13,Surgical Infection Prevention,0.727
2257,4,1720 UNIVERSITY BLVD,0.727
5981,15,all heart surgery patients whose blood sugar (blood glucose) is kept under good control in the days right after surgery,0.727
257,16,96%,0.727
8962,12,Yes,0.727
8068,5,SAN DIEGO,0.727
1699,3,TRINITY MEDICAL CENTER,0.727
8890,3,SAINT FRANCIS MEMORIAL HOSPITAL,0.727
6407,5,FORDYCE,0.727
4422,11,Proprietary,0.727
3784,6,AZ,0.727
9190,10,Acute Care Hospitals,0.727
7602,2,50075,0.727
9216,15,Pneumonia Patients Assessed and Given Influenza Vaccination,0.727
4227,9,5202944471,0.727
2817,12,No,0.727
4183,9,6027956020,0.727
6087,16,97%,0.727
741,3,CULLMAN REGIONAL MEDICAL CENTER,0.727
6366,11,Voluntary non-profit - Church,0.727
2922,16,76%,0.727
9329,3,SEQUOIA HOSPITAL,0.727
4478,18,AZ_AMI-3,0.727
7335,11,Government - Hospital District or Authority,0.727
8630,3,NOVATO COMMUNITY HOSPITAL,0.727
6761,16,98%,0.727
9906,16,0%,0.727
7501,4,1200 EL CAMINO REAL,0.727
1956,11,Proprietary,0.727
2335,12,Yes,0.727
3850,11,Government - Federal,0.727
489,4,126 HOSPITAL AVE,0.726
3389,3,PAYSON REGIONAL MEDICAL CENTER,0.726
3933,12,Yes,0.726
7883,2,50084,0.726
3929,4,6644 EAST BAYWOOD AVENUE,0.726
7122,3,ENLOE MEDICAL CENTER,0.726
5335,6,AR,0.726
8011,6,CA,0.726
5414,17,36 patients,0.726
5197,10,Acute Care Hospitals,0.726
9632,7,93401,0.726
2827,2,21305,0.726
5248,10,Acute Care Hospitals,0.726
2477,8,MONTGOMERY,0.726
9664,16,98%,0.726
3481,5,SIERRA VISTA,0.726
3400,17,166 patients,0.726
139,11,Government - Federal,0.726
9257,12,Yes,0.726
3525,10,Acute Care Hospitals,0.726
2641,4,2801 DEBARR ROAD,0.726
7874,8,SAN JOAQUIN,0.726
4770,8,NAVAJO,0.726
4683,8,COCONINO,0.726
9920,3,FRESNO VA MEDICAL CENTER (VA CENTRAL CALIFOR,0.726
966,16,100%,0.726
5196,10,Acute Care Hospitals,0.726
6229,4,900 SOUTH THIRD STREET,0.726
9117,7,95382,0.726
3794,18,AZ_AMI-4,0.726
6514,5,CROSSETT,0.726
2177,8,CALHOUN,0.726
2428,16,99%,0.726
6475,4,3050 TWIN RIVERS DRIVE,0.726
2949,17,295 patients,0.726
3734,8,COCONINO,0.726
417,4,315 W HICKORY ST,0.726
9154,6,CA,0.726
6306,4,130 MEDICAL CIRCLE,0.726
9795,2,50243,0.726
3522,13,Pneumonia,0.726
2732,12,Yes,0.726
1388,8,MORGAN,0.726
8698,8,SONOMA,0.726
6249,6,AR,0.726
1321,2,10078,0.726
939,11,Voluntary non-profit - Private,0.726
8698,13,Surgical Infection Prevention,0.726
1844,2,10114,0.726
1107,4,810 ST VINCENTS DRIVE,0.726
974,11,Proprietary,0.726
2729,11,Voluntary non-profit - Other,0.726
9664,3,SHARP CORONADO HOSPITAL AND HLTHCR CTR,0.726
8830,7,90015,0.726
3552,8,NAVAJO,0.726
9583,8,ORANGE,0.726
3580,3,UNIVERSITY MEDICAL CENTER,0.726
6019,5,LITTLE ROCK,0.726
7793,13,Surgical Infection Prevention,0.726
9378,8,LOS ANGELES,0.726
1936,16,76%,0.726
40,10,Acute Care Hospitals,0.726
5266,5,MOUNTAIN HOME,0.726
3784,5,SAN CARLOS,0.726
5826,11,Proprietary,0.726
4908,18,AR_AMI-5,0.726
4340,17,156 patients,0.726
1759,8,BULLOCK,0.726
9955,8,LOS ANGELES,0.726
5554,16,100%,0.726
6996,8,SAN DIEGO,0.726
2537,17,2 patients,0.726
9193,8,LOS ANGELES,0.726
327,6,AL,0.726
4065,15,patients who got treatment  at the right time (within 24 hours before or after their surgery) to help prevent blood clots after certain types of surgery,0.726
8171,16,94%,0.726
8929,12,Yes,0.726
2062,11,Government - Local,0.726
5846,5,HOPE,0.726
8551,4,1325 COTTONWOOD STREET,0.726
2580,12,Yes,0.726
7793,12,Yes,0.726
3657,10,Acute Care Hospitals,0.726
8273,3,TEMPLE COMMUNITY HOSPITAL,0.726
9632,17,79 patients,0.726
3294,17,66 patients,0.726
3929,7,85206,0.726
4960,16,44%,0.726
4478,16,100%,0.726
4384,15,Pneumonia Patients Given Initial Antibiotic(s) within 6 Hours After Arrival,0.726
2609,16,100%,0.726
5313,16,68%,0.726
9965,10,Acute Care Hospitals,0.726
4377,7,85296,0.726
4816,16,89%,0.726
8830,11,Voluntary non-profit - Other,0.726
6277,12,Yes,0.726
9164,9,8313856000,0.726
4738,17,26 patients,0.726
2985,8,YAVAPAI,0.726
1371,8,BALDWIN,0.726
6674,5,HAYWARD,0.726
4659,3,SOUTHEAST ARIZONA MEDICAL CENTER,0.726
9031,5,WHITTIER,0.726
4567,10,Acute Care - VA Medical Center,0.726
1673,11,Voluntary non-profit - Church,0.726
9028,11,Voluntary non-profit - Private,0.726
4616,12,Yes,0.726
400,3,PRATTVILLE BAPTIST HOSPITAL,0.726
6087,12,Yes,0.726
7934,16,97%,0.726
2817,2,10019,0.726
6355,17,21 patients,0.726
6366,6,AR,0.726
7104,11,Government - Local,0.726
1934,3,TROY REGIONAL MEDICAL CENTER,0.726
2398,8,JEFFERSON,0.726
8219,16,100%,0.726
954,11,Voluntary non-profit - Private,0.726
2580,17,132 patients,0.726
1097,8,JEFFERSON,0.726
5717,9,8705238911,0.726
4198,17,56 patients,0.726
4751,11,Proprietary,0.726
5219,7,72764,0.726
3856,3,CHINLE COMPREHENSIVE CARE FACILITY,0.726
367,16,98%,0.726
2609,3,MAT-SU REGIONAL MEDICAL CENTER,0.726
417,17,1 patients,0.726
4183,5,PHOENIX,0.726
1207,11,Government - Hospital District or Authority,0.726
3451,6,AZ,0.726
6360,4,2215 WILDWOOD AVENUE,0.726
5812,10,Acute Care Hospitals,0.726
8477,6,CA,0.726
6036,4,2215 WILDWOOD AVENUE,0.726
4751,3,LITTLE COLORADO MEDICAL CENTER,0.726
8319,8,SAN MATEO,0.726
7458,18,CA_PN-3B,0.726
3466,7,85251,0.726
5558,10,Acute Care Hospitals,0.726
9806,17,8 patients,0.726
185,7,35976,0.726
1513,18,AL_SCIP-INF-1,0.726
7336,5,LANCASTER,0.726
6610,13,Pneumonia,0.726
5425,11,Proprietary,0.726
5792,11,Proprietary,0.726
5812,8,UNION,0.726
9541,8,ORANGE,0.726
3689,9,9288558185,0.726
3913,11,Proprietary,0.726
9795,13,Surgical Infection Prevention,0.726
9600,10,Acute Care Hospitals,0.726
8342,9,7607393000,0.726
8797,8,SAN BERNARDINO,0.726
1699,4,800 MONTCLAIR RD,0.726
182,3,MARSHALL MEDICAL CENTER NORTH,0.726
2189,8,CALHOUN,0.726
5671,12,Yes,0.726
9115,5,TURLOCK,0.726
3794,3,PHOENIX INDIAN MEDICAL CENTER,0.726
1711,3,TRINITY MEDICAL CENTER,0.726
182,10,Acute Care Hospitals,0.726
4193,12,No,0.726
2418,4,4401 RIVER CHASE DRIVE,0.726
5065,12,Yes,0.726
6306,18,AR_PN-7,0.726
6487,17,49 patients,0.726
7615,7,91786,0.726
8788,8,SAN BERNARDINO,0.726
4065,17,11 patients,0.726
2084,10,Acute Care Hospitals,0.726
9334,16,91%,0.726
3856,6,AZ,0.726
3428,5,PHOENIX,0.726
2591,3,PROVIDENCE ALASKA MEDICAL CENTER,0.726
5940,5,JONESBORO,0.726
3023,17,232 patients,0.726
5946,16,82%,0.726
1042,3,LAKE MARTIN COMMUNITY HOSPITAL,0.726
126,4,101 HOSPITAL CIRCLE,0.726
4587,9,9286845421,0.726
6444,8,SEVIER,0.726
9522,16,100%,0.726
6444,16,100%,0.726
3099,10,Acute Care Hospitals,0.726
4250,10,Acute Care Hospitals,0.726
7602,9,5107521000,0.726
5579,6,AR,0.726
4100,8,MARICOPA,0.726
8894,4,900 HYDE ST,0.726
430,11,Voluntary non-profit - Other,0.726
6796,4,200 WEST ARBOR DRIVE,0.726
5438,2,10019,0.726
5197,4,2215 WILDWOOD AVENUE,0.726
9465,5,CHULA VISTA,0.726
1513,17,332 patients,0.726
7863,8,VENTURA,0.726
6082,5,NO LITTLE ROCK,0.726
944,10,Acute Care Hospitals,0.726
7432,12,Yes,0.726
9546,10,Acute Care Hospitals,0.726
9256,12,Yes,0.726
5311,12,Yes,0.726
9579,4,12601 GARDEN GROVE BLVD,0.726
1152,4,202 HOSPITAL STREET,0.726
5812,12,Yes,0.726
4838,13,Pneumonia,0.726
5145,12,Yes,0.726
3302,8,MARICOPA,0.726
8241,6,CA,0.726
8549,3,WOODLAND MEMORIAL HOSPITAL,0.726
4437,12,Yes,0.726
5658,7,72076,0.726
6393,7,72370,0.726
3919,3,BANNER BAYWOOD MEDICAL CENTER,0.726
1885,10,Acute Care Hospitals,0.726
8014,8,ALAMEDA,0.726
3014,17,169 patients,0.726
6601,5,LAKE VILLAGE,0.726
8011,10,Acute Care Hospitals,0.726
2247,16,100%,0.726
6936,17,122 patients,0.726
3913,8,MARICOPA,0.726
8761,16,94%,0.726
7883,7,95204,0.726
2985,11,Voluntary non-profit - Other,0.726
2418,5,PHENIX CITY,0.726
8890,12,Yes,0.726
5330,4,3333 SPRINGHILL DRIVE,0.726
2502,4,3701 LOOP ROAD,0.726
5671,10,Acute Care Hospitals,0.726
6919,6,CA,0.726
3794,9,6022631200,0.726
8604,17,453 patients,0.726
3950,12,Yes,0.725
6762,7,94114,0.725
8662,17,62 patients,0.725
1732,4,241 ROBERT K WILSON,0.725
1885,8,MONROE,0.725
2167,10,Acute Care Hospitals,0.725
5894,12,No,0.725
6355,16,100%,0.725
2260,10,Acute Care - VA Medical Center,0.725
3888,17,2400 patients,0.725
5671,15,Pneumonia Patients Assessed and Given Pneumococcal Vaccination,0.725
9072,18,CA_SCIP-INF-6,0.725
2817,3,WRANGELL MEDICAL CENTER,0.725
31,17,191 patients,0.725
9547,12,Yes,0.725
646,12,No,0.725
5335,10,Acute Care Hospitals,0.725
4035,8,MARICOPA,0.725
7969,6,CA,0.725
3878,9,5207429000,0.725
4478,9,4808983333,0.725
4826,17,6 patients,0.725
8955,17,0 patients,0.725
3707,5,FORT DEFIANCE,0.725
9621,16,86%,0.725
686,12,Yes,0.725
3442,5,PHOENIX,0.725
4877,7,85016,0.725
3644,16,100%,0.725
2947,4,5301 EAST GRANT ROAD,0.725
3998,3,BANNER DEL E WEBB MEDICAL CENTER,0.725
4672,6,AZ,0.725
2372,5,RUSSELLVILLE,0.725
1544,3,HALE COUNTY HOSPITAL,0.725
139,10,Acute Care Hospitals,0.725
5015,3,JOHN ED CHAMBERS MEM HOSP; INC,0.725
3712,10,Acute Care Hospitals,0.725
7079,5,BAKERSFIELD,0.725
6316,10,Critical Access Hospitals,0.725
6922,8,RIVERSIDE,0.725
8784,16,96%,0.725
8219,11,Voluntary non-profit - Other,0.725
1998,10,Acute Care Hospitals,0.725
9256,5,WATSONVILLE,0.725
926,11,Proprietary,0.725
7141,12,Yes,0.725
4719,6,AZ,0.725
1513,13,Surgical Infection Prevention,0.725
5792,12,Yes,0.725
8421,16,90%,0.725
6403,4,201 CLIFTON STREET,0.725
1280,10,Acute Care Hospitals,0.725
9185,16,100%,0.725
8821,17,142 patients,0.725
4706,3,HOPI HEALTH CARE CENTER,0.725
7103,13,Surgical Infection Prevention,0.725
6723,10,Acute Care Hospitals,0.725
5851,14,PN-7,0.725
6610,16,81%,0.725
8362,4,18300 ROSCOE BLVD,0.725
5277,13,Surgical Infection Prevention,0.725
2448,4,401 MEDICAL PARK DRIVE,0.725
1182,3,HIGHLANDS MEDICAL CENTER,0.725
6919,4,531 W COLLEGE ST,0.725
3998,10,Acute Care Hospitals,0.725
5185,7,72401,0.725
9916,10,Acute Care - VA Medical Center,0.725
5814,5,EL DORADO,0.725
8862,7,95945,0.725
7579,15,Heart Failure Patients Given an Evaluation of Left Ventricular Systolic (LVS) Function,0.725
979,10,Acute Care Hospitals,0.725
6355,5,DE WITT,0.725
7051,16,92%,0.725
489,13,Surgical Infection Prevention,0.725
69,16,74%,0.725
3923,11,Government - Hospital District or Authority,0.725
3444,16,90%,0.725
5291,18,AR_HF-3,0.725
8191,5,SANTA MARIA,0.725
5196,7,72401,0.725
9968,6,CA,0.725
9583,3,GARDEN GROVE HOSPITAL & MEDICAL CENTER,0.725
7699,12,No,0.725
8241,18,CA_HF-4,0.725
6819,4,10 WOODLAND ROAD,0.725
5706,10,Acute Care Hospitals,0.725
6919,16,89%,0.725
4133,3,BANNER HEART HOSPITAL,0.725
7969,17,54 patients,0.725
5894,10,Acute Care - VA Medical Center,0.725
3139,6,CA,0.725
2062,4,1720 UNIVERSITY BLVD,0.725
9664,2,50234,0.725
2204,8,CONECUH,0.725
5912,3,BAPTIST HEALTH MEDICAL CENTER-LITTLE ROCK,0.725
7607,6,CA,0.725
3202,13,Surgical Infection Prevention,0.725
1709,5,BIRMINGHAM,0.725
5946,6,AR,0.725
7103,15,surgery patients whose preventive antibiotics were stopped at the right time (within 24 hours after surgery),0.725
7109,17,209 patients,0.725
7051,7,95966,0.725
8378,5,NORTHRIDGE,0.725
3734,13,Surgical Infection Prevention,0.725
3112,11,Government - Local,0.725
9465,9,6195025800,0.725
6307,4,130 MEDICAL CIRCLE,0.725
5604,2,40071,0.725
9916,16,100%,0.725
1227,11,Voluntary non-profit - Private,0.725
5145,17,78 patients,0.725
4274,5,ORO VALLEY,0.725
5313,11,Voluntary non-profit - Other,0.725
3387,13,Heart Failure,0.725
5197,12,Yes,0.725
8686,4,400 N MCDOWELL BLVD,0.725
7021,13,Pneumonia,0.725
3048,11,Proprietary,0.725
1107,13,Surgical Infection Prevention,0.725
9166,13,Pneumonia,0.725
8087,4,975 SERENO DR,0.725
5023,6,AR,0.725
2189,5,JACKSONVILLE,0.725
3552,7,85901,0.725
5953,5,JONESBORO,0.725
8738,12,Yes,0.725
8128,11,Voluntary non-profit - Church,0.725
1472,4,295 JACKSON HWY S,0.725
8869,5,GRASS VALLEY,0.725
7488,8,ORANGE,0.725
8274,7,90004,0.725
61,17,118 patients,0.725
8676,3,PETALUMA VALLEY HOSPITAL,0.725
6921,4,531 W COLLEGE ST,0.725
3670,3,HAVASU REGIONAL MEDICAL CENTER,0.725
3888,18,AZ_SCIP-INF-6,0.725
3096,10,Acute Care Hospitals,0.725
5792,2,40085,0.725
5127,7,72601,0.725
400,16,94%,0.725
436,11,Proprietary,0.725
9928,3,SIERRA VIEW DISTRICT HOSPITAL,0.725
3200,12,Yes,0.725
7607,9,5107521000,0.725
3660,7,85546,0.725
5218,18,AR_PN-2,0.725
5406,11,Voluntary non-profit - Other,0.725
9531,7,92801,0.725
8892,11,Voluntary non-profit - Private,0.725
3667,6,AZ,0.725
1998,5,BAY MINETTE,0.725
3811,13,Surgical Infection Prevention,0.725
5425,9,8708926000,0.725
2591,17,355 patients,0.725
911,17,8 patients,0.725
7052,6,CA,0.725
303,3,CALLAHAN EYE FOUNDATION HOSPITAL,0.725
4258,6,AZ,0.725
8278,13,Surgical Infection Prevention,0.725
1388,4,1201 7TH STREET SE,0.725
2348,17,26 patients,0.725
9887,17,0 patients,0.725
8110,18,CA_HF-1,0.725
9965,12,Yes,0.725
8168,5,LYNWOOD,0.725
4760,16,0%,0.725
890,13,Pneumonia,0.725
2105,7,35209,0.725
3236,11,Voluntary non-profit - Private,0.725
367,4,1530 U S HIGHWAY 43,0.725
8480,3,VERDUGO HILLS HOSPITAL,0.725
5405,6,AR,0.725
2361,8,FRANKLIN,0.725
9117,13,Surgical Infection Prevention,0.725
5330,11,Voluntary non-profit - Other,0.725
3989,12,Yes,0.725
2411,10,Acute Care Hospitals,0.725
9968,9,3108256301,0.725
5196,6,AR,0.725
4274,13,Heart Attack,0.725
7141,5,SYLMAR,0.725
6002,18,AR_SCIP-CARD-2,0.725
4816,7,85621,0.725
5966,11,Voluntary non-profit - Private,0.725
3525,17,94 patients,0.725
2189,15,Pneumonia Patients Given Initial Antibiotic(s) within 6 Hours After Arrival,0.725
7595,8,SOLANO,0.725
4975,5,LITTLE ROCK,0.725
2330,5,MUSCLE SHOALS,0.725
4008,3,BANNER DEL E WEBB MEDICAL CENTER,0.725
8014,2,50095,0.725
3481,3,SIERRA VISTA REGIONAL HEALTH CENTER INC,0.725
8477,4,5555 WEST THUNDERBIRD ROAD,0.725
6762,17,28 patients,0.725
3683,16,85%,0.725
2084,3,HILL HOSPITAL OF SUMTER COUNTY,0.725
2401,3,UAB HIGHLANDS,0.725
6288,10,Critical Access Hospitals,0.725
7004,6,CA,0.725
8962,7,93003,0.725
3096,3,ST VINCENT MEDICAL CTR NORTH,0.725
6378,6,AR,0.725
9464,11,Voluntary non-profit - Other,0.725
5395,10,Acute Care Hospitals,0.725
7934,3,SONOMA VALLEY HOSPITAL,0.725
8630,5,NOVATO,0.725
8822,7,93940,0.725
4133,12,Yes,0.725
6641,3,ST JOHN-S HOSPITAL-BERRYVILLE,0.725
5127,17,118 patients,0.725
7857,7,93030,0.725
4377,8,MARICOPA,0.725
6589,10,Critical Access Hospitals,0.725
7552,16,93%,0.725
5219,11,Proprietary,0.725
5708,16,91%,0.725
8876,8,SAN FRANCISCO,0.725
7134,3,LAC/OLIVE VIEW-UCLA MEDICAL CENTER,0.725
6796,10,Acute Care Hospitals,0.725
1844,15,surgery patients who were given the  right kind  of antibiotic to help prevent infection,0.725
7607,10,Acute Care Hospitals,0.725
6963,5,NATIONAL CITY,0.725
1885,17,26 patients,0.725
2973,3,VERDE VALLEY MEDICAL CENTER,0.725
7079,13,Surgical Infection Prevention,0.725
7699,11,Voluntary non-profit - Private,0.725
864,17,101 patients,0.725
4324,5,FORT MOHAVE,0.725
6642,16,59%,0.725
5894,8,PULASKI,0.725
61,2,10005,0.725
8537,11,Voluntary non-profit - Other,0.725
2527,4,649 ST STEPHENS AVENUE HIGHWAY 56,0.725
6025,7,72120,0.725
1781,2,10112,0.725
317,3,STRINGFELLOW MEMORIAL HOSPITAL,0.725
3466,11,Proprietary,0.725
1544,5,GREENSBORO,0.725
5366,3,ST MARYS REGIONAL MEDICAL CENTER,0.725
4266,3,ARIZONA ORTHOPEDIC SURGICAL HOSPITAL,0.725
3354,11,Proprietary,0.725
4368,18,AZ_SCIP-VTE-1,0.725
7247,17,28 patients,0.725
8854,12,Yes,0.725
2905,12,Yes,0.725
4129,3,BANNER HEART HOSPITAL,0.725
1927,5,TROY,0.725
7040,7,95966,0.725
735,10,Acute Care Hospitals,0.725
1615,3,THOMAS HOSPITAL,0.725
2418,17,25 patients,0.725
6333,12,Yes,0.725
5266,3,BAXTER REGIONAL MEDICAL CENTER,0.725
2247,12,Yes,0.725
1787,3,BRYAN W WHITFIELD MEM HOSP INC,0.725
5467,12,No,0.725
8860,5,GRASS VALLEY,0.725
8829,3,CALIFORNIA HOSPITAL MEDICAL CENTER LA,0.725
51,17,0 patients,0.725
4657,8,COCHISE,0.725
9541,16,91%,0.725
4478,5,MESA,0.725
6610,8,CHICOT,0.725
9918,13,Surgical Infection Prevention,0.725
3398,10,Acute Care Hospitals,0.725
9031,7,90602,0.725
9621,6,CA,0.725
3057,12,Yes,0.725
5774,10,Acute Care Hospitals,0.725
4331,11,Proprietary,0.725
6549,4,2215 WILDWOOD AVENUE,0.724
7530,7,95051,0.724
4675,5,DOUGLAS,0.724
4250,6,AZ,0.724
4904,6,AR,0.724
8650,3,SAN GABRIEL VALLEY MEDICAL CENTER,0.724
1271,5,EUFAULA,0.724
9421,18,CA_SCIP-INF-4,0.724
662,12,No,0.724
7434,3,HOLLYWOOD PRESBYTERIAN MEDICAL CENTER,0.724
9629,16,100%,0.724
3794,4,4212 N 16TH ST,0.724
5021,10,Acute Care Hospitals,0.724
1974,16,100%,0.724
8662,7,95901,0.724
6016,3,ARKANSAS HEART HOSPITAL,0.724
7790,16,97%,0.724
9461,17,297 patients,0.724
6204,12,Yes,0.724
436,9,9072761131,0.724
1163,12,Yes,0.724
2788,16,100%,0.724
9132,17,201 patients,0.724
4876,3,PHOENIX CHILDREN-S HOSPITAL,0.724
7230,6,CA,0.724
7934,13,Pneumonia,0.724
2522,11,Government - Hospital District or Authority,0.724
3573,5,TUCSON,0.724
1725,9,2053678111,0.724
5912,16,95%,0.724
7579,17,252 patients,0.724
5291,12,Yes,0.724
4616,10,Critical Access Hospitals,0.724
419,11,Voluntary non-profit - Other,0.724
7552,8,CONTRA COSTA,0.724
4192,16,86%,0.724
5579,7,72315,0.724
771,4,400 EAST 10TH STREET,0.724
4138,10,Acute Care Hospitals,0.724
944,16,80%,0.724
9937,6,CA,0.724
2862,17,0 patients,0.724
861,3,MARION REGIONAL MEDICAL CENTER,0.724
8432,3,DAMERON HOSPITAL,0.724
7267,11,Voluntary non-profit - Private,0.724
4616,4,450 SOUTH OCOTILLO STREET,0.724
8604,3,ST BERNARDINE MEDICAL CENTER,0.724
4135,3,BANNER HEART HOSPITAL,0.724
4551,11,Government Federal,0.724
6905,5,LOS ANGELES,0.724
8303,10,Acute Care Hospitals,0.724
7854,3,ST JOHN-S REGIONAL MEDICAL CENTER,0.724
9350,12,Yes,0.724
4551,10,Acute Care - VA Medical Center,0.724
1787,12,Yes,0.724
4129,8,MARICOPA,0.724
1844,18,AL_SCIP-INF-2,0.724
4138,12,Yes,0.724
8068,11,Voluntary non-profit - Other,0.724
367,17,59 patients,0.724
1927,18,AL_AMI-3,0.724
2980,12,Yes,0.724
1844,13,Surgical Infection Prevention,0.724
1759,12,No,0.724
5559,5,MAGNOLIA,0.724
926,10,Acute Care Hospitals,0.724
2313,7,36693,0.724
7336,16,96%,0.724
638,16,98%,0.724
8977,5,FRENCH CAMP,0.724
4796,3,COPPER QUEEN COMMUNITY HOSPITAL,0.724
185,4,8000 ALABAMA HIGHWAY 69,0.724
7973,3,SAINT AGNES MEDICAL CENTER,0.724
3619,12,Yes,0.724
1573,11,Government - Hospital District or Authority,0.724
9185,9,5624919000,0.724
7079,15,all heart surgery patients whose blood sugar (blood glucose) is kept under good control in the days right after surgery,0.724
4274,10,Acute Care Hospitals,0.724
9198,6,CA,0.724
1594,14,SCIP-VTE-2,0.724
6969,17,57 patients,0.724
1817,10,Acute Care Hospitals,0.724
3712,8,APACHE,0.724
9965,6,CA,0.724
5123,7,72601,0.724
2949,3,TUCSON MEDICAL CENTER,0.724
7483,6,CA,0.724
5219,13,Pneumonia,0.724
2784,17,6 patients,0.724
5981,3,WHITE RIVER MEDICAL CENTER,0.724
6476,10,Critical Access Hospitals,0.724
2215,3,EVERGREEN MEDICAL CENTER,0.724
5727,6,AR,0.724
831,4,1010 LAY DAM ROAD,0.724
3453,11,Proprietary,0.724
2580,9,2514151000,0.724
3283,8,MARICOPA,0.724
8698,15,surgery patients whose doctors ordered treatments to prevent blood clots after certain types of surgeries,0.724
182,4,8000 ALABAMA HIGHWAY 69,0.724
8532,3,VALLEY PRESBYTERIAN HOSPITAL,0.724
2699,13,Heart Failure,0.724
6355,15,Pneumonia Patients Given Initial Antibiotic(s) within 6 Hours After Arrival,0.724
4603,3,BENSON HOSPITAL,0.724
9347,5,REDWOOD CITY,0.724
8271,17,14 patients,0.724
2989,10,Acute Care Hospitals,0.724
8830,10,Acute Care Hospitals,0.724
7751,11,Government - Hospital District or Authority,0.724
3784,8,GILA,0.724
7644,4,1300 N VERMONT AVE,0.724
4770,9,9282894691,0.724
5744,5,MURFREESBORO,0.724
8202,6,CA,0.724
1235,5,FLORALA,0.724
7068,6,CA,0.724
4340,11,Proprietary,0.724
4324,3,VALLEY VIEW MEDICAL CENTER,0.724
4659,8,COCHISE,0.724
1025,8,GREENE,0.724
2753,8,ANCHORAGE,0.724
2064,3,COOPER GREEN MERCY HOSPITAL,0.724
2361,17,78 patients,0.724
4562,16,98%,0.724
258,10,Acute Care Hospitals,0.724
4567,8,YAVAPAI,0.724
6429,4,880 WEST MAIN,0.724
8890,5,SAN FRANCISCO,0.724
9103,7,95382,0.724
3689,5,LAKE HAVASU CITY,0.724
1227,4,3316 HIGHWAY 280,0.724
4222,8,PIMA,0.724
9376,16,90%,0.724
7353,5,VISALIA,0.724
3794,5,PHOENIX,0.724
8307,15,Heart Attack Patients Given Aspirin at Discharge,0.724
3888,7,85741,0.724
9386,3,EAST VALLEY HOSPITAL MEDICAL CENTER,0.724
3387,11,Voluntary non-profit - Other,0.724
3683,10,Acute Care Hospitals,0.724
5504,8,SEBASTIAN,0.724
5154,9,8702610000,0.724
8698,6,CA,0.724
5696,16,100%,0.724
6487,5,ARKADELPHIA,0.724
4250,11,Proprietary,0.724
2204,12,No,0.724
9050,7,92804,0.724
9619,16,99%,0.724
9464,4,751 MEDICAL CENTER COURT,0.724
2567,11,Government - Hospital District or Authority,0.724
9440,10,Acute Care Hospitals,0.724
8490,8,SANTA CLARA,0.724
5510,11,Voluntary non-profit - Church,0.724
4193,9,6027956020,0.724
6534,11,Voluntary non-profit - Church,0.724
8490,16,94%,0.724
7973,12,Yes,0.724
979,5,ENTERPRISE,0.724
8671,14,PN-3B,0.724
5722,8,JACKSON,0.724
6212,3,CROSSRIDGE COMMUNITY HOSPITAL,0.724
7728,7,95020,0.724
5604,5,PINE BLUFF,0.724
9376,13,Heart Attack,0.724
7702,10,Acute Care Hospitals,0.724
9195,5,LONG BEACH,0.724
6761,3,DAVIES MEDICAL CENTER,0.724
419,16,100%,0.724
9979,8,ALAMEDA,0.724
7434,10,Acute Care Hospitals,0.724
8118,12,Yes,0.724
3160,10,Acute Care Hospitals,0.724
7728,10,Acute Care Hospitals,0.724
8741,15,Pneumonia Patients Assessed and Given Influenza Vaccination,0.724
1709,12,No,0.724
6392,11,Voluntary non-profit - Church,0.724
7883,10,Acute Care Hospitals,0.724
4551,3,VA NORTHERN ARIZONA HEALTHCARE SYSTEM,0.724
4965,7,72205,0.724
6512,11,Voluntary non-profit - Private,0.724
6475,17,0 patients,0.724
4100,17,114 patients,0.724
2413,5,PHENIX CITY,0.724
1434,5,JASPER,0.724
9190,4,1050 LINDEN AVE,0.724
8869,3,SIERRA NEVADA MEMORIAL HOSPITAL,0.724
8555,3,WOODLAND MEMORIAL HOSPITAL,0.724
3481,8,COCHISE,0.724
5521,3,ST EDWARD MERCY MEDICAL CENTER,0.724
2448,8,ESCAMBIA,0.724
4866,8,APACHE,0.724
8840,2,50149,0.724
8676,8,SONOMA,0.724
1711,10,Acute Care Hospitals,0.724
8215,16,99%,0.724
6249,12,Yes,0.724
2167,4,2700 HOSPITAL DRIVE,0.724
9979,16,100%,0.724
3389,10,Acute Care Hospitals,0.724
3442,3,ST LUKES MEDICAL CENTER,0.724
6444,2,10008,0.724
8662,10,Acute Care Hospitals,0.724
40,8,HOUSTON,0.724
8687,10,Acute Care Hospitals,0.724
3989,18,AZ_SCIP-VTE-1,0.724
4738,6,AZ,0.724
8513,12,Yes,0.724
5887,9,5012571000,0.724
8806,11,Voluntary non-profit - Private,0.724
271,4,1000 FIRST STREET NORTH,0.724
2765,11,Government - Federal,0.724
4951,10,Acute Care Hospitals,0.724
1624,17,8 patients,0.724
9510,6,CA,0.724
8068,17,234 patients,0.724
5966,9,8702621200,0.724
3111,17,6 patients,0.724
4193,7,85015,0.724
4023,10,Acute Care Hospitals,0.724
3444,5,PHOENIX,0.724
8362,16,96%,0.724
8191,2,50107,0.724
7790,11,Voluntary non-profit - Other,0.724
1887,8,MONROE,0.724
1927,15,Heart Attack Patients Given ACE Inhibitor or ARB for Left Ventricular Systolic Dysfunction (LVSD),0.724
9589,15,Pneumonia Patients Given Initial Antibiotic(s) within 6 Hours After Arrival,0.724
2394,16,91%,0.724
4770,12,No,0.724
5761,17,32 patients,0.724
8597,16,95%,0.724
7122,6,CA,0.724
6476,4,3050 TWIN RIVERS DRIVE,0.724
1601,2,10100,0.724
5579,16,100%,0.724
6371,10,Critical Access Hospitals,0.724
1042,16,50%,0.724
218,16,89%,0.724
9356,5,LANCASTER,0.724
9154,16,100%,0.723
8274,8,LOS ANGELES,0.723
2624,12,Yes,0.723
8068,8,SAN DIEGO,0.723
7998,6,CA,0.723
9642,12,Yes,0.723
8835,4,1401 SOUTH GRAND AVENUE,0.723
9464,10,Acute Care Hospitals,0.723
2177,4,1701 SOUTH PELHAM ROAD,0.723
2409,11,Government - State,0.723
5946,7,72401,0.723
1922,13,Surgical Infection Prevention,0.723
5748,17,12 patients,0.723
5981,13,Surgical Infection Prevention,0.723
4838,17,13 patients,0.723
9522,5,PARADISE,0.723
1738,11,Voluntary non-profit - Other,0.723
9574,12,Yes,0.723
4478,11,Proprietary,0.723
9347,16,100%,0.723
4227,11,Voluntary non-profit - Private,0.723
6774,8,NAPA,0.723
8421,4,450 GREENFIELD AVE,0.723
4640,17,5 patients,0.723
8761,17,128 patients,0.723
5604,16,97%,0.723
8014,10,Acute Care Hospitals,0.723
8869,12,Yes,0.723
8191,4,1400 E CHURCH ST,0.723
2815,2,21303,0.723
5617,2,40072,0.723
5046,6,AR,0.723
8835,7,90015,0.723
7948,6,CA,0.723
3674,7,86403,0.723
966,18,AL_HF-4,0.723
5947,11,Proprietary,0.723
5287,3,CONWAY REGIONAL MEDICAL CENTER,0.723
398,11,Voluntary non-profit - Private,0.723
2023,8,SAINT CLAIR,0.723
858,11,Voluntary non-profit - Private,0.723
8184,18,CA_AMI-4,0.723
6921,12,No,0.723
4384,3,MERCY GILBERT MEDICAL CENTER,0.723
327,2,10038,0.723
9510,7,95969,0.723
8378,6,CA,0.723
6641,13,Surgical Infection Prevention,0.723
7068,3,BAKERSFIELD MEMORIAL HOSPITAL,0.723
7761,9,4158332646,0.723
2537,3,RED BAY HOSPITAL,0.723
3254,3,CASA GRANDE REGIONAL MEDICAL CENTER,0.723
7434,11,Proprietary,0.723
8676,5,PETALUMA,0.723
1306,4,83825 HIGHWAY 9    P O BOX 1270,0.723
9619,6,CA,0.723
5359,3,ST MARYS REGIONAL MEDICAL CENTER,0.723
7548,11,Voluntary non-profit - Other,0.723
1594,13,Surgical Infection Prevention,0.723
3689,12,No,0.723
735,9,2567372000,0.723
2428,10,Acute Care Hospitals,0.723
8184,11,Voluntary non-profit - Church,0.723
3689,6,AZ,0.723
1005,3,ST VINCENTS BLOUNT,0.723
5483,6,AR,0.723
3580,10,Acute Care Hospitals,0.723
9806,12,Yes,0.723
2269,17,255 patients,0.723
516,5,CENTRE,0.723
2725,8,KENAI PENINSULA,0.723
3711,2,30071,0.723
7470,15,patients who got treatment  at the right time (within 24 hours before or after their surgery) to help prevent blood clots after certain types of surgery,0.723
7838,2,50079,0.723
5559,11,Government - Local,0.723
6681,16,97%,0.723
3839,10,Acute Care Hospitals,0.723
4205,6,AZ,0.723
5046,10,Acute Care Hospitals,0.723
2279,8,BUTLER,0.723
1615,2,10100,0.723
4266,5,CHANDLER,0.723
9574,3,SAN FRANCISCO GENERAL HOSPITAL,0.723
583,17,60 patients,0.723
3525,16,91%,0.723
3660,5,SAFFORD,0.723
9610,10,Acute Care Hospitals,0.723
9916,17,54 patients,0.723
3824,11,Proprietary,0.723
7728,12,Yes,0.723
430,4,315 W HICKORY ST,0.723
691,11,Government - State,0.723
5673,2,40076,0.723
8821,15,all heart surgery patients whose blood sugar (blood glucose) is kept under good control in the days right after surgery,0.723
5219,17,233 patients,0.723
8856,5,GRASS VALLEY,0.723
6113,13,Surgical Infection Prevention,0.723
947,12,No,0.723
9928,16,89%,0.723
3254,11,Voluntary non-profit - Other,0.723
5438,9,8708361000,0.723
150,12,Yes,0.723
2989,3,VERDE VALLEY MEDICAL CENTER,0.723
4562,11,Government Federal,0.723
5559,3,MAGNOLIA HOSPITAL,0.723
7257,4,200 WEST ARBOR DRIVE,0.723
8491,8,SANTA CLARA,0.723
1721,2,10108,0.723
9376,11,Voluntary non-profit - Private,0.723
4258,10,Acute Care Hospitals,0.723
9019,13,Surgical Infection Prevention,0.723
6610,17,32 patients,0.723
1934,10,Acute Care Hospitals,0.723
3667,15,Heart Attack Patients Given Aspirin at Discharge,0.723
4035,12,Yes,0.723
7998,4,19933 LAKE CHABOT RD,0.723
6429,11,Government - Local,0.723
4784,3,COPPER QUEEN COMMUNITY HOSPITAL,0.723
6790,7,94558,0.723
4965,6,AR,0.723
9036,5,WHITTIER,0.723
7021,6,CA,0.723
8342,3,PALOMAR MEDICAL CENTER,0.723
133,3,CRENSHAW COMMUNITY HOSPITAL,0.723
8219,13,Pneumonia,0.723
257,12,Yes,0.723
5824,12,Yes,0.723
5559,15,patients who got treatment  at the right time (within 24 hours before or after their surgery) to help prevent blood clots after certain types of surgery,0.723
8303,7,90404,0.723
7104,8,SANTA CLARA,0.723
3586,6,AZ,0.723
4951,16,98%,0.723
2567,8,RANDOLPH,0.723
8701,5,PANORAMA CITY,0.723
3040,16,100%,0.723
1126,8,BIBB,0.723
6055,16,100%,0.723
3712,11,Government - Federal,0.723
7458,3,OAK VALLEY DISTRICT HOSPITAL,0.723
6924,6,CA,0.723
3400,10,Acute Care Hospitals,0.723
5313,3,BAPTIST HEALTH MEDICAL CENTER NORTH LITTLE ROCK,0.723
9563,18,CA_PN-4,0.723
9510,16,100%,0.723
8219,5,SACRAMENTO,0.723
4832,3,COBRE VALLEY COMMUNITY HOSPITAL,0.723
7230,13,Surgical Infection Prevention,0.723
2502,7,35404,0.723
8686,10,Acute Care Hospitals,0.723
8741,16,55%,0.723
6499,5,CROSSETT,0.723
185,12,Yes,0.723
6019,16,96%,0.723
5248,11,Voluntary non-profit - Church,0.723
8087,5,VALLEJO,0.723
1260,12,No,0.723
5887,11,Government Federal,0.723
8378,10,Acute Care Hospitals,0.723
3160,4,5301 EAST GRANT ROAD,0.723
6996,11,Voluntary non-profit - Private,0.723
2418,12,Yes,0.723
7530,4,700 LAWRENCE EXPRESSWAY,0.723
4593,11,Voluntary non-profit - Private,0.723
5913,4,TWO ST VINCENT CIRCLE,0.723
6288,5,MOUNTAIN VIEW,0.723
3933,11,Government - Hospital District or Authority,0.723
5266,9,8705081000,0.723
5185,9,8709724100,0.723
2784,8,SITKA,0.723
1723,12,Yes,0.723
8342,13,Pneumonia,0.723
3300,12,Yes,0.723
4825,4,1171 WEST TARGET RANGE ROAD,0.723
4562,8,YAVAPAI,0.723
8070,7,92123,0.723
5558,16,43%,0.723
5145,4,EAST MAIN AND SOUTH 20TH STREETS,0.723
8496,7,95116,0.723
7579,9,7076511000,0.723
176,12,Yes,0.723
9166,8,MONTEREY,0.723
6832,8,AMADOR,0.723
7352,16,89%,0.723
5616,6,AR,0.723
8537,9,5306623961,0.723
4324,2,10019,0.723
4919,5,CLARKSVILLE,0.723
9028,10,Acute Care Hospitals,0.723
5604,4,1600 WEST 40TH AVENUE,0.723
8687,13,Pneumonia,0.723
4951,7,72703,0.723
7496,3,KAISER FOUNDATION HOSPITAL - SOUTH SAN FRANCISCO,0.723
6366,7,72370,0.723
5467,10,Acute Care Hospitals,0.723
781,5,HUNTSVILLE,0.723
9376,2,10019,0.723
6407,16,67%,0.723
1817,4,5 MOBILE INFIRMARY CIRCLE,0.723
5152,17,67 patients,0.723
1862,17,128 patients,0.723
2980,8,YAVAPAI,0.723
3647,3,MT GRAHAM REGIONAL MEDICAL CENTER,0.723
4205,7,85338,0.723
5504,5,FORT SMITH,0.723
6366,12,Yes,0.723
750,18,AL_HF-2,0.723
926,17,352 patients,0.723
399,3,PRATTVILLE BAPTIST HOSPITAL,0.723
6113,8,WASHINGTON,0.723
9028,16,96%,0.723
8499,8,SANTA CLARA,0.723
5268,7,72653,0.723
5395,4,2215 WILDWOOD AVENUE,0.723
8011,11,Proprietary,0.723
6204,11,Voluntary non-profit - Church,0.723
4558,8,YAVAPAI,0.723
7338,12,Yes,0.723
8319,10,Acute Care Hospitals,0.723
8684,4,400 N MCDOWELL BLVD,0.723
5145,15,Pneumonia Patients Assessed and Given Influenza Vaccination,0.723
6534,10,Critical Access Hospitals,0.723
7552,12,Yes,0.723
6476,2,41321,0.723
3552,12,Yes,0.723
9329,10,Acute Care Hospitals,0.723
7969,12,Yes,0.723
9795,16,84%,0.723
1743,10,Acute Care Hospitals,0.723
6307,17,2 patients,0.723
8532,4,200 WEST ARBOR DRIVE,0.723
5510,8,SEBASTIAN,0.723
9682,11,Voluntary non-profit - Church,0.723
6360,10,Critical Access Hospitals,0.723
3453,5,SCOTTSDALE,0.723
5219,18,AR_PN-3B,0.723
5933,10,Acute Care Hospitals,0.723
2394,10,Acute Care Hospitals,0.723
7699,6,CA,0.723
8110,8,RIVERSIDE,0.723
6485,5,ARKADELPHIA,0.722
1049,11,Government - Federal,0.722
3099,11,Voluntary non-profit - Private,0.722
8698,12,Yes,0.722
8806,10,Acute Care Hospitals,0.722
3936,13,Surgical Infection Prevention,0.722
5912,11,Voluntary non-profit - Private,0.722
5673,4,1001 SCHNEIDER DRIVE,0.722
5346,2,40039,0.722
4191,15,all heart surgery patients whose blood sugar (blood glucose) is kept under good control in the days right after surgery,0.722
4587,10,Critical Access Hospitals,0.722
3644,18,AZ_AMI-4,0.722
1499,11,Government - Hospital District or Authority,0.722
6963,12,Yes,0.722
1227,8,TALLAPOOSA,0.722
5046,16,65%,0.722
8559,9,7607248411,0.722
2294,4,29 L V STABLER DRIVE,0.722
862,8,MARION,0.722
5913,3,BAPTIST HEALTH MEDICAL CENTER-LITTLE ROCK,0.722
5196,12,Yes,0.722
4138,4,6644 EAST BAYWOOD AVENUE,0.722
3644,10,Acute Care Hospitals,0.722
4539,8,PIMA,0.722
8070,6,CA,0.722
6936,13,Pneumonia,0.722
750,12,No,0.722
8184,3,MARIAN MEDICAL CENTER,0.722
7934,17,64 patients,0.722
7336,6,CA,0.722
7175,3,ST ELIZABETH COMMUNITY HOSPITAL,0.722
7607,13,Pneumonia,0.722
7336,7,93534,0.722
8267,4,235 N HOOVER ST,0.722
6674,12,Yes,0.722
8914,3,O-CONNOR HOSPITAL,0.722
1624,2,10101,0.722
2980,16,96%,0.722
2742,8,ANCHORAGE,0.722
8362,17,27 patients,0.722
3202,3,YAVAPAI REGIONAL MEDICAL CENTER,0.722
3929,13,Pneumonia,0.722
8735,3,KAISER FOUNDATION HOSPITAL - LOS ANGELES,0.722
5579,9,8708387300,0.722
1207,7,36340,0.722
2725,17,13 patients,0.722
9578,3,GARDEN GROVE HOSPITAL & MEDICAL CENTER,0.722
9448,10,Acute Care Hospitals,0.722
9610,17,88 patients,0.722
1472,3,GROVE HILL MEMORIAL HOSPITAL,0.722
9979,6,CA,0.722
1152,5,MOULTON,0.722
4258,5,CHANDLER,0.722
3354,3,PHOENIX BAPTIST HOSPITAL,0.722
1107,10,Acute Care Hospitals,0.722
7948,4,2623 E SLAUSEN AVE,0.722
9115,12,Yes,0.722
3515,12,Yes,0.722
6392,7,72370,0.722
2177,11,Proprietary,0.722
5696,3,NATIONAL PARK MEDICAL CENTER,0.722
2922,9,6022392000,0.722
9887,8,KERN,0.722
5706,8,GARLAND,0.722
8219,4,4001 J ST,0.722
4877,4,4212 N 16TH ST,0.722
8513,9,8189023906,0.722
1266,16,75%,0.722
5722,3,HARRIS HOSPITAL,0.722
317,17,29 patients,0.722
5375,11,Proprietary,0.722
3878,8,PIMA,0.722
5966,8,INDEPENDENCE,0.722
8267,14,PN-2,0.722
5824,16,99%,0.722
7376,5,GLENDALE,0.722
5023,2,40011,0.722
662,8,RANDOLPH,0.722
3674,16,94%,0.722
6905,12,No,0.722
5021,18,AR_SCIP-CARD-2,0.722
176,8,MARSHALL,0.722
8278,8,LOS ANGELES,0.722
9154,3,GEORGE L MEE MEMORIAL HOSPITAL,0.722
5824,17,114 patients,0.722
8963,18,CA_PN-4,0.722
5366,2,40041,0.722
5761,6,AR,0.722
5706,3,NATIONAL PARK MEDICAL CENTER,0.722
3302,3,MARICOPA MEDICAL CENTER,0.722
9727,10,Acute Care Hospitals,0.722
3943,17,36 patients,0.722
8432,6,CA,0.722
6936,11,Government - Local,0.722
7579,8,SOLANO,0.722
5548,8,COLUMBIA,0.722
3711,17,21 patients,0.722
5521,10,Acute Care Hospitals,0.722
8894,12,Yes,0.722
6145,7,72949,0.722
6316,7,72543,0.722
7265,5,SAN FRANCISCO,0.722
7007,6,CA,0.722
7021,18,CA_PN-4,0.722
6229,11,Government - Local,0.722
1422,4,3400 HIGHWAY 78 EAST,0.722
5291,7,72034,0.722
4100,5,PHOENIX,0.722
5405,11,Voluntary non-profit - Other,0.722
9132,12,Yes,0.722
8671,7,95901,0.722
2177,3,JACKSONVILLE MEDICAL CENTER,0.722
8962,6,CA,0.722
1709,10,Acute Care Hospitals,0.722
1738,16,88%,0.722
5278,16,91%,0.722
9632,4,1911 JOHNSON AVE,0.722
9421,12,Yes,0.722
8191,13,Heart Failure,0.722
7458,8,STANISLAUS,0.722
7555,7,94596,0.722
5811,17,125 patients,0.722
7483,5,ORANGE,0.722
5708,17,113 patients,0.722
9465,8,SAN DIEGO,0.722
9099,11,Voluntary non-profit - Private,0.722
7883,5,STOCKTON,0.722
9574,5,SAN FRANCISCO,0.722
823,12,Yes,0.722
5313,15,Heart Attack Patients Given PCI Within 90 Minutes Of Arrival,0.722
7548,6,CA,0.722
3913,5,SCOTTSDALE,0.722
6745,2,50007,0.722
1759,7,36089,0.722
1759,11,Government - Federal,0.722
5127,9,8704144000,0.722
3146,11,Government - Hospital District or Authority,0.722
8731,6,CA,0.722
6229,15,Pneumonia Patients Given Initial Antibiotic(s) within 6 Hours After Arrival,0.722
691,17,224 patients,0.722
3944,8,MARICOPA,0.722
1493,10,Acute Care Hospitals,0.722
4738,5,GANADO,0.722
5154,6,AR,0.722
7139,8,LOS ANGELES,0.722
1005,17,19 patients,0.722
5774,8,SALINE,0.722
3770,6,AZ,0.722
7858,10,Acute Care Hospitals,0.722
9969,16,90%,0.722
8788,16,97%,0.722
5406,16,93%,0.722
3096,11,Voluntary non-profit - Private,0.722
7230,12,Yes,0.722
9253,6,CA,0.722
9906,6,CA,0.722
8254,17,64 patients,0.722
9193,10,Acute Care Hospitals,0.722
2827,3,WRANGELL MEDICAL CENTER,0.722
8731,7,90027,0.722
233,8,DE KALB,0.722
862,3,MARION REGIONAL MEDICAL CENTER,0.722
4191,6,AZ,0.722
9642,7,93401,0.722
9589,3,GARDEN GROVE HOSPITAL & MEDICAL CENTER,0.722
2330,17,0 patients,0.722
5160,9,8702610000,0.722
8929,8,LOS ANGELES,0.722
530,2,10023,0.722
367,8,MARION,0.722
8393,4,1205 E NORTH ST,0.722
2568,16,73%,0.722
1227,3,RUSSELL MEDICAL CENTER,0.722
7171,5,RED BLUFF,0.722
5277,3,BAXTER REGIONAL MEDICAL CENTER,0.722
7934,8,SONOMA,0.722
5160,10,Acute Care Hospitals,0.722
8822,4,200 WEST ARBOR DRIVE,0.722
6036,11,Voluntary non-profit - Private,0.722
5555,17,14 patients,0.722
648,8,RANDOLPH,0.722
6922,10,Acute Care Hospitals,0.722
303,8,JEFFERSON,0.722
1280,8,BARBOUR,0.722
4768,7,86047,0.722
9795,6,CA,0.722
1787,18,AL_PN-3B,0.722
3913,12,Yes,0.722
4659,16,100%,0.722
6876,8,SACRAMENTO,0.722
9190,8,LOS ANGELES,0.722
4683,4,501 NORTH NAVAJO DRIVE,0.722
9727,9,8184098202,0.722
8014,12,No,0.722
4266,18,AZ_SCIP-INF-4,0.722
7139,11,Government - Local,0.722
6706,8,HUMBOLDT,0.722
400,10,Acute Care Hospitals,0.722
5196,4,2215 WILDWOOD AVENUE,0.722
4017,10,Acute Care Hospitals,0.722
6392,3,SOUTH MISSISSISSPI COUNTY REGIONAL MEDICAL CENTER,0.722
5277,5,MOUNTAIN HOME,0.722
1371,13,Pneumonia,0.722
8890,6,CA,0.722
9606,8,LOS ANGELES,0.722
2677,18,AK_PN-7,0.722
1725,5,CARROLLTON,0.722
5558,4,101 HOSPITAL DRIVE,0.722
8822,18,CA_SCIP-INF-6,0.722
7858,7,93030,0.722
1601,12,No,0.722
3878,3,NORTHWEST MEDICAL CENTER,0.722
8835,16,100%,0.722
4743,10,Critical Access Hospitals,0.722
3057,16,97%,0.722
6378,3,SOUTH MISSISSISSPI COUNTY REGIONAL MEDICAL CENTER,0.722
9498,18,CA_SCIP-VTE-1,0.722
862,16,78%,0.722
5673,18,AR_PN-4,0.722
8948,10,Acute Care Hospitals,0.722
4770,7,86047,0.722
8171,12,Yes,0.722
9727,12,Yes,0.722
3726,11,Voluntary non-profit - Other,0.721
3839,3,PARADISE VALLEY HOSPITAL,0.721
3525,8,MARICOPA,0.721
3451,10,Acute Care Hospitals,0.721
6876,4,4001 J ST,0.721
7552,10,Acute Care Hospitals,0.721
2278,10,Acute Care Hospitals,0.721
1126,3,BIBB MEDICAL CENTER,0.721
9510,11,Voluntary non-profit - Private,0.721
977,10,Acute Care Hospitals,0.721
8610,12,Yes,0.721
9019,17,415 patients,0.721
7352,7,93291,0.721
7819,6,CA,0.721
185,10,Acute Care Hospitals,0.721
5197,5,JONESBORO,0.721
9502,4,5974 PENTZ ROAD,0.721
430,3,COOSA VALLEY MEDICAL CENTER,0.721
2973,11,Voluntary non-profit - Other,0.721
9979,11,Proprietary,0.721
5438,8,OUACHITA,0.721
1675,17,0 patients,0.721
2252,16,100%,0.721
8215,7,95816,0.721
2313,8,MOBILE,0.721
8265,12,No,0.721
2411,3,SUMMIT HOSPITAL,0.721
7602,5,OAKLAND,0.721
7702,16,99%,0.721
3389,13,Pneumonia,0.721
3784,11,Government - Federal,0.721
8871,17,0 patients,0.721
1422,5,JASPER,0.721
5947,10,Acute Care Hospitals,0.721
9154,7,93930,0.721
1371,3,SOUTH BALDWIN REGIONAL MEDICAL CENTER,0.721
6963,6,CA,0.721
977,5,ENTERPRISE,0.721
1175,3,HIGHLANDS MEDICAL CENTER,0.721
6345,5,DE WITT,0.721
5970,9,8702621200,0.721
2105,3,BROOKWOOD MEDICAL CENTER,0.721
8604,13,Surgical Infection Prevention,0.721
3200,3,YAVAPAI REGIONAL MEDICAL CENTER,0.721
9918,9,5592285338,0.721
303,10,Acute Care Hospitals,0.721
4825,7,85621,0.721
7171,12,Yes,0.721
8650,17,85 patients,0.721
9937,18,CA_PN-3B,0.721
7529,8,SANTA CLARA,0.721
1476,12,Yes,0.721
5023,3,JOHN ED CHAMBERS MEM HOSP; INC,0.721
9440,16,85%,0.721
3998,6,AZ,0.721
5466,12,No,0.721
5406,10,Acute Care Hospitals,0.721
1738,17,17 patients,0.721
147,11,Proprietary,0.721
5145,8,CRAWFORD,0.721
3674,3,HAVASU REGIONAL MEDICAL CENTER,0.721
4292,8,PIMA,0.721
5970,17,41 patients,0.721
6921,6,CA,0.721
5405,9,8707351500,0.721
4538,4,5301 EAST GRANT ROAD,0.721
8174,6,CA,0.721
6055,11,Proprietary,0.721
7790,5,SAN DIEGO,0.721
1456,5,MOBILE,0.721
3160,12,Yes,0.721
9887,5,BAKERSFIELD,0.721
5792,14,HF-1,0.721
9195,12,Yes,0.721
8319,5,SAN MATEO,0.721
9198,2,50191,0.721
8869,6,CA,0.721
2725,16,100%,0.721
6555,12,Yes,0.721
2677,3,FAIRBANKS MEMORIAL HOSPITAL,0.721
7388,12,Yes,0.721
8630,7,94945,0.721
5023,4,HIGHWAY 10 AT DETROIT STREET,0.721
4135,6,AZ,0.721
4567,16,87%,0.721
5065,10,Acute Care Hospitals,0.721
7555,9,9252954000,0.721
6059,8,GARLAND,0.721
5613,16,100%,0.721
6345,9,8709463571,0.721
5197,3,ST BERNARDS MEDICAL CTR,0.721
5792,9,8703385800,0.721
9563,12,Yes,0.721
1049,10,Acute Care Hospitals,0.721
9036,7,90602,0.721
6642,5,BERRYVILLE,0.721
7021,3,MAD RIVER COMMUNITY HOSPITAL,0.721
8551,7,95695,0.721
6745,7,94010,0.721
9955,11,Government - State,0.721
1885,4,2016 SOUTH ALABAMA AVENUE,0.721
9937,3,SIERRA VIEW DISTRICT HOSPITAL,0.721
1300,9,2563542131,0.721
4250,4,475 SOUTH DOBSON ROAD,0.721
1570,3,D W MCMILLAN MEMORIAL HOSPITAL,0.721
7079,8,KERN,0.721
5291,16,89%,0.721
6555,3,DELTA MEMORIAL HOSPITAL,0.721
5846,12,Yes,0.721
8342,15,Pneumonia Patients Assessed and Given Pneumococcal Vaccination,0.721
6202,16,97%,0.721
858,5,HAMILTON,0.721
5814,4,700 WEST GROVE STREET,0.721
890,5,FAYETTE,0.721
3794,10,Acute Care Hospitals,0.721
8267,18,CA_PN-2,0.721
2252,10,Acute Care - VA Medical Center,0.721
5015,9,4794952241,0.721
9589,16,98%,0.721
4377,11,Voluntary non-profit - Church,0.721
6697,11,Voluntary non-profit - Church,0.721
2410,5,PHENIX CITY,0.721
2409,3,SUMMIT HOSPITAL,0.721
9632,16,100%,0.721
7243,12,Yes,0.721
9440,6,CA,0.721
8480,13,Surgical Infection Prevention,0.721
4981,6,AR,0.721
8462,7,91209,0.721
3933,9,4803212000,0.721
4100,12,Yes,0.721
7171,13,Pneumonia,0.721
1276,11,Voluntary non-profit - Other,0.721
4292,6,AZ,0.721
4227,10,Acute Care Hospitals,0.721
7007,12,Yes,0.721
7267,7,94115,0.721
1920,14,SCIP-INF-3,0.721
6277,18,AR_PN-3B,0.721
5248,2,40026,0.721
2537,4,211 HOSPITAL ROAD,0.721
9464,6,CA,0.721
3294,13,Pneumonia,0.721
5966,12,Yes,0.721
7900,11,Voluntary non-profit - Other,0.721
8555,11,Voluntary non-profit - Other,0.721
6306,5,NASHVILLE,0.721
2518,17,1 patients,0.721
2527,8,WASHINGTON,0.721
2008,11,Voluntary non-profit - Private,0.721
6476,11,Voluntary non-profit - Other,0.721
5406,8,CRITTENDEN,0.721
6601,7,71653,0.721
5277,12,Yes,0.721
9750,3,DOMINICAN HOSPITAL,0.721
939,12,No,0.721
2104,11,Proprietary,0.721
861,16,80%,0.721
126,13,Heart Attack,0.721
3112,12,Yes,0.721
1920,5,HALEYVILLE,0.721
6398,4,201 CLIFTON STREET,0.721
8665,11,Voluntary non-profit - Other,0.721
8784,17,190 patients,0.721
9629,8,SAN LUIS OBISPO,0.721
7852,4,1600 N ROSE AVE,0.721
5824,18,AR_PN-5C,0.721
4919,6,AR,0.721
9461,6,CA,0.721
7079,12,Yes,0.721
502,17,15 patients,0.721
2815,18,AK_SCIP-VTE-2,0.721
4869,6,AZ,0.721
1118,17,0 patients,0.721
9979,17,21 patients,0.721
4718,6,AZ,0.721
7109,12,Yes,0.721
3775,17,0 patients,0.721
8051,11,Voluntary non-profit - Other,0.721
6534,8,CONWAY,0.721
5278,6,AR,0.721
1282,11,Voluntary non-profit - Other,0.721
6557,10,Critical Access Hospitals,0.721
7900,5,SAN BERNARDINO,0.721
5712,11,Proprietary,0.721
6403,17,0 patients,0.721
2251,17,44 patients,0.721
8477,7,91209,0.721
2542,17,5 patients,0.721
2788,4,2801 DEBARR ROAD,0.721
2594,12,No,0.721
9579,16,100%,0.721
1163,18,AL_AMI-5,0.721
3936,15,surgery patients whose preventive antibiotics were stopped at the right time (within 24 hours after surgery),0.721
1456,13,Pneumonia,0.721
7998,5,CASTRO VALLEY,0.721
3160,2,30011,0.721
489,15,surgery patients needing hair removed from the surgical area before surgery&#54; who had hair removed using a safer method (electric clippers or hair removal cream sC not a razor),0.721
7595,16,93%,0.721
7376,17,0 patients,0.721
9132,9,9259393000,0.721
400,4,124 S MEMORIAL DR,0.721
4229,4,5301 EAST GRANT ROAD,0.721
7900,17,9 patients,0.721
9965,3,RONALD REAGAN UCLA MEDICAL CENTER,0.721
2278,17,0 patients,0.721
2294,10,Acute Care Hospitals,0.721
8270,12,No,0.721
901,12,Yes,0.721
2294,17,3 patients,0.721
3283,10,Acute Care Hospitals,0.721
941,17,8 patients,0.721
3644,15,Heart Attack Patients Given Smoking Cessation Advice/Counseling,0.721
5722,4,2215 WILDWOOD AVENUE,0.721
8890,2,50152,0.721
7761,5,SAN FRANCISCO,0.721
8892,5,SAN FRANCISCO,0.721
9253,16,100%,0.721
8671,3,RIDEOUT MEMORIAL HOSPITAL,0.721
3512,4,10401 WEST THUNDERBIRD BOULEVARD,0.721
8477,13,Surgical Infection Prevention,0.721
2418,13,Pneumonia,0.721
6845,7,95642,0.721
5579,10,Acute Care Hospitals,0.721
6360,13,Surgical Infection Prevention,0.721
4434,10,Acute Care Hospitals,0.721
12,9,2563864556,0.72
7126,13,Surgical Infection Prevention,0.72
5579,17,25 patients,0.72
4422,16,88%,0.72
9164,17,21 patients,0.72
6746,14,SCIP-VTE-2,0.72
5744,10,Acute Care Hospitals,0.72
3522,8,MARICOPA,0.72
7338,4,1600 W AVE J,0.72
3644,17,1 patients,0.72
516,16,100%,0.72
4640,5,WILLCOX,0.72
3398,12,Yes,0.72
8830,16,50%,0.72
2641,10,Acute Care Hospitals,0.72
151,11,Proprietary,0.72
1673,2,10103,0.72
3663,3,MT GRAHAM REGIONAL MEDICAL CENTER,0.72
2537,9,2563569532,0.72
8171,8,LOS ANGELES,0.72
5419,10,Acute Care Hospitals,0.72
940,12,No,0.72
1699,11,Proprietary,0.72
6512,4,1015 UNITY ROAD,0.72
9632,6,CA,0.72
2413,4,4401 RIVER CHASE DRIVE,0.72
661,3,WEDOWEE HOSPITAL,0.72
8963,2,50159,0.72
858,9,2059216200,0.72
4100,18,AZ_HF-3,0.72
7335,2,50056,0.72
8273,12,No,0.72
4478,13,Heart Attack,0.72
7595,5,VALLEJO,0.72
2815,11,Government - Local,0.72
9399,13,Surgical Infection Prevention,0.72
8462,3,VERDUGO HILLS HOSPITAL,0.72
1025,5,EUTAW,0.72
8191,15,Heart Failure Patients Given Smoking Cessation Advice/Counseling,0.72
6184,7,72958,0.72
823,16,90%,0.72
3936,2,30088,0.72
9253,3,WATSONVILLE COMMUNITY HOSPITAL,0.72
6145,6,AR,0.72
9292,5,FREMONT,0.72
3522,18,AZ_PN-3B,0.72
3850,5,CHINLE,0.72
4904,5,CLARKSVILLE,0.72
1388,16,97%,0.72
9192,6,CA,0.72
8265,11,Proprietary,0.72
899,4,1653 TEMPLE AVENUE NORTH,0.72
8496,3,REGIONAL MEDICAL CENTER OF SAN JOSE,0.72
7672,8,ORANGE,0.72
4718,8,NAVAJO,0.72
2784,3,MT EDGECUMBE HOSPITAL,0.72
147,3,HARTSELLE MEDICAL CENTER,0.72
9115,2,50179,0.72
7432,17,179 patients,0.72
864,11,Voluntary non-profit - Private,0.72
7267,4,2333 BUCHANAN STREET,0.72
2177,16,100%,0.72
3683,17,54 patients,0.72
5266,6,AR,0.72
7883,18,CA_PN-2,0.72
8215,6,CA,0.72
3707,12,Yes,0.72
2580,11,Government - State,0.72
2413,11,Government - State,0.72
9664,10,Acute Care Hospitals,0.72
8206,12,Yes,0.72
8215,5,SACRAMENTO,0.72
2062,3,COOPER GREEN MERCY HOSPITAL,0.72
3854,12,Yes,0.72
6534,3,ST ANTHONY-S HEALTHCARE CENTER,0.72
4558,10,Acute Care - VA Medical Center,0.72
4017,8,MARICOPA,0.72
1558,11,Government - State,0.72
2502,5,TUSCALOOSA,0.72
4975,8,PULASKI,0.72
5185,17,185 patients,0.72
1107,17,169 patients,0.72
1974,14,SCIP-VTE-2,0.72
9164,18,CA_PN-5C,0.72
2394,12,Yes,0.72
7247,4,200 WEST ARBOR DRIVE,0.72
1266,11,Voluntary non-profit - Other,0.72
8676,9,7077782631,0.72
5940,10,Acute Care Hospitals,0.72
3776,5,SAN CARLOS,0.72
5160,5,FORREST CITY,0.72
8835,15,Heart Failure Patients Given Smoking Cessation Advice/Counseling,0.72
9563,9,4152068000,0.72
6429,16,100%,0.72
3586,5,TUCSON,0.72
3236,10,Acute Care Hospitals,0.72
686,13,Surgical Infection Prevention,0.72
8051,18,CA_SCIP-VTE-1,0.72
9806,11,Government - Local,0.72
1936,2,10126,0.72
4266,7,85225,0.72
899,8,FAYETTE,0.72
8597,11,Voluntary non-profit - Church,0.72
8051,12,Yes,0.72
6654,3,PIGGOTT COMMUNITY HOSPITAL,0.72
3444,3,ST LUKES MEDICAL CENTER,0.72
6426,10,Critical Access Hospitals,0.72
3670,16,99%,0.72
258,17,6 patients,0.72
5123,3,NORTH ARKANSAS REGIONAL MED CTR,0.72
8191,16,100%,0.72
4657,10,Critical Access Hospitals,0.72
1499,16,98%,0.72
8914,16,100%,0.72
4975,13,Surgical Infection Prevention,0.72
5940,3,NEA MEDICAL CENTER,0.72
2279,12,Yes,0.72
9965,8,LOS ANGELES,0.72
8267,7,90004,0.72
5123,12,Yes,0.72
3453,10,Acute Care Hospitals,0.72
8856,11,Voluntary non-profit - Other,0.72
4331,3,VALLEY VIEW MEDICAL CENTER,0.72
516,17,5 patients,0.72
7998,8,ALAMEDA,0.72
1097,12,Yes,0.72
3512,12,Yes,0.72
5933,16,87%,0.72
9232,7,92677,0.72
4017,18,AZ_AMI-2,0.72
2361,10,Acute Care Hospitals,0.72
4838,8,GILA,0.72
7353,16,81%,0.72
1573,4,1301 BELLEVILLE AVENUE,0.72
1182,11,Government - Hospital District or Authority,0.72
5824,5,EL DORADO,0.72
6770,7,94114,0.72
6221,3,MCGEHEE DESHA COUNTY HOSPITAL,0.72
1759,2,10110,0.72
823,10,Acute Care Hospitals,0.72
5268,16,94%,0.72
4768,12,No,0.72
6963,4,200 WEST ARBOR DRIVE,0.72
3453,12,Yes,0.72
6790,4,1000 TRANCAS ST,0.72
6642,4,2215 WILDWOOD AVENUE,0.72
1997,11,Voluntary non-profit - Private,0.72
12,3,HELEN KELLER MEMORIAL HOSPITAL,0.72
9541,13,Pneumonia,0.72
4229,12,Yes,0.72
7644,9,3234622271,0.72
3936,10,Acute Care Hospitals,0.72
5851,10,Acute Care Hospitals,0.72
8630,17,0 patients,0.72
6316,16,100%,0.72
8480,4,5555 WEST THUNDERBIRD ROAD,0.72
9500,5,PARADISE,0.72
3300,17,235 patients,0.72
6295,11,Government - Local,0.72
5748,8,PIKE,0.72
8684,10,Acute Care Hospitals,0.72
1887,4,2016 SOUTH ALABAMA AVENUE,0.72
2418,16,40%,0.72
3028,3,SIERRA VISTA REGIONAL HEALTH CENTER INC,0.72
2827,11,Government - Local,0.72
8513,16,92%,0.72
2580,16,100%,0.72
901,17,3 patients,0.72
4869,5,SPRINGERVILLE,0.72
1396,3,DECATUR GENERAL HOSPITAL,0.72
7548,8,CONTRA COSTA,0.72
6407,17,6 patients,0.72
5127,6,AR,0.72
61,15,Pneumonia Patients Assessed and Given Influenza Vaccination,0.72
5970,7,72503,0.72
2518,11,Government - Hospital District or Authority,0.72
8665,10,Acute Care Hospitals,0.72
4324,10,Acute Care Hospitals,0.72
5504,10,Acute Care Hospitals,0.72
7052,7,95966,0.72
5248,7,71903,0.72
3580,4,5301 EAST GRANT ROAD,0.72
4133,4,6644 EAST BAYWOOD AVENUE,0.72
3989,3,JOHN C LINCOLN DEER VALLEY HOSPITAL,0.72
2989,11,Voluntary non-profit - Other,0.72
6378,10,Critical Access Hospitals,0.72
4624,7,85602,0.72
5219,5,SPRINGDALE,0.72
4250,9,4806039000,0.72
5658,6,AR,0.72
4866,2,31315,0.72
979,17,196 patients,0.72
5504,3,SPARKS REGIONAL MEDICAL CENTER,0.72
8735,17,62 patients,0.72
3515,3,BANNER BOSWELL MEDICAL CENTER,0.72
4183,11,Proprietary,0.72
5213,8,WASHINGTON,0.72
5696,8,GARLAND,0.72
3389,17,83 patients,0.72
2788,18,AK_SCIP-INF-6,0.72
6371,5,OSCEOLA,0.72
6876,17,984 patients,0.72
5521,2,40062,0.72
9969,17,305 patients,0.72
7434,8,LOS ANGELES,0.72
51,13,Heart Attack,0.72
1997,10,Acute Care Hospitals,0.72
1097,11,Voluntary non-profit - Other,0.719
9216,16,71%,0.719
8426,4,450 GREENFIELD AVE,0.719
6082,6,AR,0.719
1434,10,Acute Care Hospitals,0.719
367,18,AL_PN-3B,0.719
3515,11,Voluntary non-profit - Other,0.719
9522,12,Yes,0.719
1456,7,36608,0.719
5021,2,40011,0.719
7529,15,Heart Failure Patients Given an Evaluation of Left Ventricular Systolic (LVS) Function,0.719
7644,11,Voluntary non-profit - Other,0.719
5824,2,40088,0.719
2477,11,Government Federal,0.719
9399,4,150 WEST ROUTE 66,0.719
9115,8,STANISLAUS,0.719
2877,9,9072358101,0.719
7257,8,VENTURA,0.719
7819,17,251 patients,0.719
7883,12,Yes,0.719
7068,10,Acute Care Hospitals,0.719
7761,8,SAN FRANCISCO,0.719
7336,11,Government - Hospital District or Authority,0.719
3734,7,86045,0.719
7496,4,1200 EL CAMINO REAL,0.719
8174,5,LYNWOOD,0.719
4265,14,SCIP-INF-3,0.719
1759,4,102 WEST CONECUH AVENUE,0.719
233,3,DEKALB REGIONAL MEDICAL CENTER,0.719
8761,13,Pneumonia,0.719
6408,16,95%,0.719
327,7,36201,0.719
9916,11,Government Federal,0.719
5811,16,98%,0.719
1558,17,10 patients,0.719
3599,7,85202,0.719
8621,12,Yes,0.719
6360,6,AR,0.719
2518,4,649 ST STEPHENS AVENUE HIGHWAY 56,0.719
9376,8,LOS ANGELES,0.719
6936,7,92501,0.719
1922,12,Yes,0.719
6306,15,Pneumonia Patients Assessed and Given Influenza Vaccination,0.719
1107,8,JEFFERSON,0.719
8273,8,LOS ANGELES,0.719
2269,8,JEFFERSON,0.719
1787,11,Government - Hospital District or Authority,0.719
6212,7,72396,0.719
6841,8,AMADOR,0.719
4904,3,JOHNSON REGIONAL MEDICAL CENTER,0.719
9619,8,LOS ANGELES,0.719
317,16,100%,0.719
9531,17,24 patients,0.719
8829,12,Yes,0.719
6371,8,MISSISSIPPI,0.719
6485,4,3050 TWIN RIVERS DRIVE,0.719
8713,5,PANORAMA CITY,0.719
2580,3,UNIV OF S AL CHILDREN-S & WOMEN-S HOS,0.719
5811,4,700 WEST GROVE STREET,0.719
3657,3,MT GRAHAM REGIONAL MEDICAL CENTER,0.719
61,3,MARSHALL MEDICAL CENTER SOUTH,0.719
4229,2,30111,0.719
2260,12,No,0.719
9329,6,CA,0.719
5050,6,AR,0.719
4640,7,85643,0.719
4411,5,MESA,0.719
3232,11,Voluntary non-profit - Private,0.719
6845,10,Acute Care Hospitals,0.719
8491,4,225 N JACKSON AVENUE,0.719
8977,18,CA_AMI-3,0.719
2985,3,VERDE VALLEY MEDICAL CENTER,0.719
3913,16,100%,0.719
2084,5,YORK,0.719
2075,9,2053925263,0.719
3856,8,APACHE,0.719
4183,10,Acute Care Hospitals,0.719
8378,17,640 patients,0.719
5266,15,Heart Failure Patients Given ACE Inhibitor or ARB for Left Ventricular Systolic Dysfunction (LVSD),0.719
9579,5,GARDEN GROVE,0.719
4672,18,AZ_SCIP-INF-4,0.719
7336,8,LOS ANGELES,0.719
7068,12,Yes,0.719
6555,16,87%,0.719
779,4,101 SIVLEY RD,0.719
8480,7,91209,0.719
3522,17,105 patients,0.719
7335,16,95%,0.719
5065,8,POLK,0.719
327,8,CALHOUN,0.719
6557,17,14 patients,0.719
7109,4,1531 ESPLANADE,0.719
4672,4,2174 WEST OAK AVENUE,0.719
3111,12,Yes,0.719
5406,12,Yes,0.719
8477,3,VERDUGO HILLS HOSPITAL,0.719
9928,7,93257,0.719
7863,16,85%,0.719
8491,6,CA,0.719
3522,3,BANNER BOSWELL MEDICAL CENTER,0.719
5671,4,1001 SCHNEIDER DRIVE,0.719
2401,12,Yes,0.719
2624,18,AK_PN-7,0.719
7247,7,93023,0.719
864,12,Yes,0.719
5722,11,Proprietary,0.719
1456,10,Acute Care Hospitals,0.719
6841,17,132 patients,0.719
4551,15,Heart Attack Patients Given Aspirin at Arrival,0.719
2313,2,10152,0.719
7607,8,ALAMEDA,0.719
9500,11,Voluntary non-profit - Private,0.719
3294,18,AZ_PN-7,0.719
9626,5,SAN LUIS OBISPO,0.719
8894,5,SAN FRANCISCO,0.719
7857,10,Acute Care Hospitals,0.719
6059,12,Yes,0.719
7819,3,PROVIDENCE LITTLE CO OF MARY MED CTR SAN PEDRO,0.719
664,5,WEDOWEE,0.719
646,5,WEDOWEE,0.719
31,3,SOUTHEAST ALABAMA MEDICAL CENTER,0.719
8219,17,56 patients,0.719
2189,7,36265,0.719
6306,10,Critical Access Hospitals,0.719
7352,6,CA,0.719
3586,4,5301 EAST GRANT ROAD,0.719
4422,13,Surgical Infection Prevention,0.719
9610,6,CA,0.719
1017,5,EUTAW,0.719
7488,13,Surgical Infection Prevention,0.719
2518,5,CHATOM,0.719
1227,7,35010,0.719
5555,3,MAGNOLIA HOSPITAL,0.719
1974,7,36545,0.719
3683,13,Surgical Infection Prevention,0.719
5392,17,89 patients,0.719
5406,6,AR,0.719
3247,8,MARICOPA,0.719
3811,14,SCIP-INF-3,0.719
9378,5,GLENDORA,0.719
9578,9,7145375160,0.719
8987,5,FRENCH CAMP,0.719
4192,10,Acute Care Hospitals,0.719
4919,13,Pneumonia,0.719
781,8,MADISON,0.719
2330,11,Government - Hospital District or Authority,0.719
3453,6,AZ,0.719
9969,5,LOS ANGELES,0.719
6969,8,SAN DIEGO,0.719
1107,11,Voluntary non-profit - Other,0.719
6477,11,Voluntary non-profit - Other,0.719
5218,17,223 patients,0.719
6184,12,Yes,0.719
3302,10,Acute Care Hospitals,0.719
9225,10,Acute Care Hospitals,0.719
7165,16,100%,0.719
901,5,FAYETTE,0.719
3111,8,VAN BUREN,0.719
6408,12,Yes,0.719
2252,8,JEFFERSON,0.719
288,11,Voluntary non-profit - Church,0.719
7432,8,LOS ANGELES,0.719
516,10,Acute Care Hospitals,0.719
9072,17,18 patients,0.719
4877,9,6025461959,0.719
9629,6,CA,0.719
8513,5,VAN NUYS,0.719
7126,8,BUTTE,0.719
8797,16,100%,0.719
5510,16,100%,0.719
6392,12,Yes,0.719
4558,17,36 patients,0.719
771,12,Yes,0.719
4908,4,1100 EAST POPLAR STREET,0.719
4838,5,GLOBE,0.719
7969,18,CA_SCIP-INF-6,0.719
7104,4,751 SOUTH BASCOM AVENUE,0.719
2742,12,Yes,0.719
4672,11,Voluntary non-profit - Private,0.719
1920,3,LAKELAND COMMUNITY HOSPITAL,0.719
1476,8,CLARKE,0.719
7644,6,CA,0.719
638,12,Yes,0.719
2765,4,2801 DEBARR ROAD,0.719
9589,11,Proprietary,0.718
9386,10,Acute Care Hospitals,0.718
3854,5,CHINLE,0.718
7863,4,1600 N ROSE AVE,0.718
664,13,Surgical Infection Prevention,0.718
9227,9,9494997193,0.718
3281,12,Yes,0.718
8862,13,Pneumonia,0.718
6378,7,72370,0.718
9522,10,Acute Care Hospitals,0.718
9195,8,LOS ANGELES,0.718
750,16,91%,0.718
3913,2,30087,0.718
4877,11,Voluntary non-profit - Private,0.718
1104,12,Yes,0.718
3747,3,SELLS INDIAN HEALTH SERVICE HOSPITAL,0.718
7052,3,OROVILLE HOSPITAL,0.718
4102,12,Yes,0.718
4422,12,Yes,0.718
3283,12,Yes,0.718
4683,7,86040,0.718
5395,9,8707351500,0.718
9968,13,Surgical Infection Prevention,0.718
6674,18,CA_AMI-3,0.718
9642,3,FRENCH HOSPITAL MEDICAL CENTER,0.718
3726,8,COCONINO,0.718
9541,11,Voluntary non-profit - Private,0.718
4624,4,450 SOUTH OCOTILLO STREET,0.718
6408,4,2215 WILDWOOD AVENUE,0.718
4205,5,GOODYEAR,0.718
6936,6,CA,0.718
3014,10,Acute Care Hospitals,0.718
6204,5,WYNNE,0.718
3582,3,UNIVERSITY MEDICAL CENTER,0.718
7777,3,SCRIPPS MERCY HOSPITAL,0.718
218,12,Yes,0.718
6774,17,37 patients,0.718
126,8,CRENSHAW,0.718
3139,15,surgery patients whose preventive antibiotics were stopped at the right time (within 24 hours after surgery),0.718
6345,6,AR,0.718
9578,4,12601 GARDEN GROVE BLVD,0.718
2815,13,Surgical Infection Prevention,0.718
1280,3,MEDICAL CENTER BARBOUR,0.718
7079,10,Acute Care Hospitals,0.718
8893,3,SAINT FRANCIS MEMORIAL HOSPITAL,0.718
8701,17,66 patients,0.718
1207,16,31%,0.718
3302,16,73%,0.718
9378,7,91740,0.718
8731,3,KAISER FOUNDATION HOSPITAL - LOS ANGELES,0.718
4719,7,86042,0.718
8480,15,patients who got treatment  at the right time (within 24 hours before or after their surgery) to help prevent blood clots after certain types of surgery,0.718
5774,5,BENTON,0.718
8254,2,50110,0.718
7247,6,CA,0.718
367,13,Pneumonia,0.718
9453,8,SAN DIEGO,0.718
6202,9,8702383300,0.718
139,13,Surgical Infection Prevention,0.718
4100,10,Acute Care Hospitals,0.718
7838,5,SAN PABLO,0.718
1163,17,10 patients,0.718
9727,16,82%,0.718
2624,17,86 patients,0.718
9334,4,170 ALAMEDA DE LAS PULGAS,0.718
8890,16,73%,0.718
3281,10,Acute Care Hospitals,0.718
3724,17,29 patients,0.718
8278,6,CA,0.718
3913,7,85260,0.718
8676,10,Acute Care Hospitals,0.718
8963,7,93003,0.718
530,7,36116,0.718
5953,8,CRAIGHEAD,0.718
7470,4,350 S OAK AVE,0.718
2177,17,2 patients,0.718
8378,13,Surgical Infection Prevention,0.718
202,5,BIRMINGHAM,0.718
8761,6,CA,0.718
8215,10,Acute Care Hospitals,0.718
5278,8,BAXTER,0.718
2008,8,SAINT CLAIR,0.718
1817,17,119 patients,0.718
5154,8,SAINT FRANCIS,0.718
8219,10,Acute Care Hospitals,0.718
9619,3,POMONA VALLEY HOSPITAL MEDICAL CENTER,0.718
3111,5,CLINTON,0.718
6366,10,Critical Access Hospitals,0.718
9154,17,4 patients,0.718
7376,10,Acute Care Hospitals,0.718
5145,13,Pneumonia,0.718
3283,9,6023445011,0.718
8499,3,REGIONAL MEDICAL CENTER OF SAN JOSE,0.718
3238,11,Voluntary non-profit - Private,0.718
31,8,HOUSTON,0.718
8676,6,CA,0.718
1673,17,177 patients,0.718
5583,5,BLYTHEVILLE,0.718
9955,15,Heart Attack Patients Given Fibrinolytic Medication Within 30 Minutes Of Arrival,0.718
9185,4,200 WEST ARBOR DRIVE,0.718
6610,12,Yes,0.718
5278,4,2500 HIGHWAY 65 SOUTH,0.718
2861,8,KETCHIKAN GATEWAY,0.718
6555,8,DESHA,0.718
5346,16,97%,0.718
8219,9,9167338999,0.718
3236,8,MARICOPA,0.718
3888,12,Yes,0.718
1276,3,MEDICAL CENTER BARBOUR,0.718
9347,10,Acute Care Hospitals,0.718
8274,11,Proprietary,0.718
3657,16,82%,0.718
1738,3,PICKENS COUNTY MEDICAL CENTER,0.718
6553,4,300 EAST PICKENS,0.718
8403,17,140 patients,0.718
7607,12,Yes,0.718
367,3,NORTHWEST MEDICAL CENTER,0.718
2784,2,20027,0.718
6088,3,ARKANSAS SURGICAL HOSPITAL,0.718
771,2,10038,0.718
8555,6,CA,0.718
2167,5,NORTHPORT,0.718
5761,10,Acute Care Hospitals,0.718
6212,4,2215 WILDWOOD AVENUE,0.718
6924,10,Acute Care Hospitals,0.718
3917,3,BANNER BAYWOOD MEDICAL CENTER,0.718
3712,15,all heart surgery patients whose blood sugar (blood glucose) is kept under good control in the days right after surgery,0.718
2392,17,61 patients,0.718
2788,2,20027,0.718
4832,17,0 patients,0.718
4377,10,Acute Care Hospitals,0.718
1049,5,DADEVILLE,0.718
5981,7,72503,0.718
3515,18,AZ_AMI-7A,0.718
6514,11,Voluntary non-profit - Private,0.718
5658,8,PULASKI,0.718
3047,16,92%,0.718
5792,16,92%,0.718
5521,12,Yes,0.718
3674,9,9288558185,0.718
1738,12,Yes,0.718
9887,6,CA,0.718
2413,3,SUMMIT HOSPITAL,0.718
8274,4,235 N HOOVER ST,0.718
5053,3,WHITE COUNTY MEDICAL CENTER,0.718
3283,11,Government - Local,0.718
690,3,UNIVERSITY OF ALABAMA HOSPITAL,0.718
3683,6,AZ,0.718
977,12,Yes,0.718
3096,8,PULASKI,0.718
6398,3,DALLAS COUNTY MEDICAL CENTER,0.718
9185,7,90813,0.718
7501,17,1 patients,0.718
5933,17,315 patients,0.718
6059,13,Surgical Infection Prevention,0.718
1862,11,Proprietary,0.718
941,8,BUTLER,0.718
7644,12,Yes,0.718
3854,11,Government - Federal,0.718
6371,9,8705637000,0.718
4133,15,Pneumonia Patients Given Smoking Cessation Advice/Counseling,0.718
2278,11,Proprietary,0.718
1163,15,Heart Attack Patients Given Beta Blocker at Discharge,0.718
6601,10,Critical Access Hospitals,0.718
6706,2,50006,0.718
327,11,Proprietary,0.718
6876,11,Voluntary non-profit - Church,0.718
1539,5,GREENSBORO,0.718
6534,5,MORRILTON,0.718
6444,17,1 patients,0.718
3659,13,Surgical Infection Prevention,0.718
8914,7,95128,0.718
9421,7,94501,0.718
7900,6,CA,0.718
2204,3,EVERGREEN MEDICAL CENTER,0.718
1862,16,98%,0.718
3494,9,9287572101,0.718
7934,2,50090,0.718
1493,3,GROVE HILL MEMORIAL HOSPITAL,0.718
8499,12,Yes,0.718
8432,16,99%,0.718
8110,17,110 patients,0.718
8862,6,CA,0.718
1887,10,Acute Care Hospitals,0.718
6485,17,45 patients,0.718
5756,8,PIKE,0.718
8241,3,LOMPOC VALLEY MEDICAL CENTER,0.718
6697,8,HUMBOLDT,0.718
1885,5,MONROEVILLE,0.718
1709,11,Proprietary,0.718
4908,12,Yes,0.718
2862,4,2801 DEBARR ROAD,0.717
9893,8,KERN,0.717
7479,16,99%,0.717
9190,11,Voluntary non-profit - Church,0.717
7761,6,CA,0.717
3923,5,MESA,0.717
2448,11,Government - Hospital District or Authority,0.717
7488,5,ORANGE,0.717
5123,8,BOONE,0.717
7122,17,318 patients,0.717
7530,17,74 patients,0.717
6070,10,Acute Care Hospitals,0.717
8011,4,19933 LAKE CHABOT RD,0.717
2215,8,CONECUH,0.717
7104,3,SANTA CLARA VALLEY MEDICAL CENTER,0.717
9642,8,SAN LUIS OBISPO,0.717
7934,11,Government - Hospital District or Authority,0.717
2609,4,2801 DEBARR ROAD,0.717
8087,3,SUTTER SOLANO MEDICAL CENTER,0.717
9465,4,751 MEDICAL CENTER COURT,0.717
8821,16,99%,0.717
6832,11,Government - Local,0.717
4826,7,85501,0.717
2860,11,Voluntary non-profit - Church,0.717
1456,8,MOBILE,0.717
8597,3,ST BERNARDINE MEDICAL CENTER,0.717
3036,12,Yes,0.717
5770,5,BENTON,0.717
182,8,MARSHALL,0.717
8362,8,LOS ANGELES,0.717
8184,9,8057393000,0.717
8551,5,WOODLAND,0.717
9531,11,Voluntary non-profit - Private,0.717
9918,12,No,0.717
9334,8,SAN MATEO,0.717
3047,3,ARIZONA HEART HOSPITAL,0.717
436,3,ALASKA REGIONAL HOSPITAL,0.717
8862,10,Acute Care Hospitals,0.717
8215,17,103 patients,0.717
4975,11,Voluntary non-profit - Church,0.717
2401,8,JEFFERSON,0.717
8698,18,CA_SCIP-VTE-1,0.717
6355,6,AR,0.717
4981,8,BENTON,0.717
7021,10,Acute Care Hospitals,0.717
3670,9,9288558185,0.717
5392,9,8707351500,0.717
3663,16,97%,0.717
2568,4,59928 HIGHWAY 22   P O BOX 670,0.717
8271,4,531 W COLLEGE ST,0.717
4133,9,4808545050,0.717
5616,9,8706733511,0.717
6919,11,Proprietary,0.717
9920,5,FRESNO,0.717
6366,18,AR_CAC-1,0.717
9386,6,CA,0.717
2641,16,98%,0.717
3232,8,MARICOPA,0.717
8426,8,KINGS,0.717
2947,16,100%,0.717
966,12,Yes,0.717
9610,5,POMONA,0.717
4551,16,100%,0.717
7134,9,8183641555,0.717
6477,10,Critical Access Hospitals,0.717
3888,13,Surgical Infection Prevention,0.717
9132,16,97%,0.717
941,11,Voluntary non-profit - Private,0.717
2411,17,0 patients,0.717
9500,7,95969,0.717
1558,4,500 HOSPITAL DRIVE,0.717
9563,7,94110,0.717
7777,12,Yes,0.717
9968,5,LOS ANGELES,0.717
9979,12,Yes,0.717
8686,18,CA_PN-2,0.717
2542,7,35582,0.717
5197,18,AR_PN-6,0.717
8871,12,Yes,0.717
7934,12,Yes,0.717
6374,7,72370,0.717
4640,10,Critical Access Hospitals,0.717
1235,11,Government - Federal,0.717
9578,17,11 patients,0.717
6019,4,TWO ST VINCENT CIRCLE,0.717
7579,16,100%,0.717
3494,12,Yes,0.717
9257,6,CA,0.717
8860,17,19 patients,0.717
1675,4,701 PRINCETON AVENUE SOUTHWEST,0.717
9610,3,POMONA VALLEY HOSPITAL MEDICAL CENTER,0.717
6407,12,Yes,0.717
3775,8,GILA,0.717
1998,11,Voluntary non-profit - Private,0.717
5308,16,98%,0.717
3351,12,Yes,0.717
367,15,Pneumonia Patients Whose Initial Emergency Room Blood Culture Was Performed Prior To The Administration Of The First Hospital Dose Of Antibiotics,0.717
9906,18,CA_AMI-8A,0.717
5774,6,AR,0.717
5521,8,SEBASTIAN,0.717
5913,12,Yes,0.717
4192,17,140 patients,0.717
5160,11,Proprietary,0.717
2827,17,7 patients,0.717
3294,12,Yes,0.717
3200,8,YAVAPAI,0.717
6876,16,99%,0.717
9329,11,Voluntary non-profit - Private,0.717
8403,12,Yes,0.717
8987,18,CA_PN-3B,0.717
646,9,2563572111,0.717
4205,12,Yes,0.717
8287,7,90404,0.717
9154,10,Acute Care Hospitals,0.717
7761,4,2333 BUCHANAN STREET,0.717
8894,10,Acute Care Hospitals,0.717
5824,11,Proprietary,0.717
9356,9,6619484781,0.717
7900,8,SAN BERNARDINO,0.717
8929,10,Acute Care Hospitals,0.717
735,17,411 patients,0.717
3936,6,AZ,0.717
4368,6,AZ,0.717
5770,8,SALINE,0.717
8319,16,100%,0.717
8806,6,CA,0.717
9619,2,50231,0.717
3913,9,4803233000,0.717
3780,10,Acute Care Hospitals,0.717
8718,7,91402,0.717
4198,10,Acute Care Hospitals,0.717
8267,17,51 patients,0.717
3989,5,PHOENIX,0.717
5617,5,STUTTGART,0.717
8011,18,CA_PN-5C,0.717
9072,16,83%,0.717
5065,5,MENA,0.717
7973,9,5594503000,0.717
4292,5,ORO VALLEY,0.717
3023,10,Acute Care Hospitals,0.717
3850,9,9286747040,0.717
4324,9,9287882273,0.717
5359,5,RUSSELLVILLE,0.717
5727,16,100%,0.717
5933,3,BAPTIST HEALTH MEDICAL CENTER-LITTLE ROCK,0.717
4198,3,WEST VALLEY HOSPITAL,0.717
6408,18,AR_PN-5C,0.717
7998,10,Acute Care Hospitals,0.717
7969,3,COMMUNITY AND MISSION  HOSPITAL OF HUNTINGTON PARK,0.717
4904,8,JOHNSON,0.717
9937,4,465 W PUTNAM AVE,0.717
2247,17,248 patients,0.717
890,10,Acute Care Hospitals,0.717
5708,8,GARLAND,0.717
6403,8,DALLAS,0.717
8660,5,MARYSVILLE,0.717
6969,7,91950,0.716
6924,8,RIVERSIDE,0.716
399,8,AUTAUGA,0.716
2084,11,Voluntary non-profit - Other,0.716
2105,10,Acute Care Hospitals,0.716
7021,11,Proprietary,0.716
185,11,Government - Hospital District or Authority,0.716
5849,16,97%,0.716
8597,12,Yes,0.716
4562,9,9284454860,0.716
2699,3,YUKON KUSKOKWIM DELTA REG HOSPITAL,0.716
8267,13,Pneumonia,0.716
8784,5,FONTANA,0.716
8935,18,CA_HF-4,0.716
6996,5,LA MESA,0.716
5613,9,8706733511,0.716
8671,18,CA_PN-3B,0.716
2922,17,29 patients,0.716
8893,7,94109,0.716
4624,3,BENSON HOSPITAL,0.716
7104,12,Yes,0.716
398,12,Yes,0.716
2413,10,Acute Care Hospitals,0.716
9378,16,100%,0.716
5604,10,Acute Care Hospitals,0.716
3888,4,5301 EAST GRANT ROAD,0.716
9115,3,EMANUEL MEDICAL CENTER INC,0.716
7883,16,94%,0.716
6845,4,200 MISSION BLVD,0.716
4331,17,53 patients,0.716
7171,9,5305298012,0.716
8215,9,9167338999,0.716
7388,5,GLENDALE,0.716
9193,12,Yes,0.716
8011,15,Pneumonia Patients Given Initial Antibiotic(s) within 6 Hours After Arrival,0.716
2860,17,47 patients,0.716
3466,16,100%,0.716
182,17,115 patients,0.716
2189,10,Acute Care Hospitals,0.716
9166,14,PN-7,0.716
8171,3,SAINT FRANCIS MEDICAL CENTER,0.716
4538,7,85723,0.716
1318,2,10078,0.716
7134,16,94%,0.716
4825,17,15 patients,0.716
2796,3,SITKA COMMUNITY HOSPITAL,0.716
303,2,10018,0.716
5792,18,AR_HF-1,0.716
6002,3,LEO N LEVI NATIONAL ARTHRITIS HOSPITAL,0.716
8307,7,94403,0.716
3989,17,201 patients,0.716
7122,4,200 WEST ARBOR DRIVE,0.716
7900,10,Acute Care Hospitals,0.716
2765,12,Yes,0.716
4227,3,UNIVERSITY PHYSICIANS HEALTHCARE HOSPITAL AT KINO,0.716
3775,5,SAN CARLOS,0.716
3294,2,30022,0.716
3580,17,80 patients,0.716
4768,13,Surgical Infection Prevention,0.716
327,4,301 EAST 18TH ST,0.716
7900,4,1805 MEDICAL CENTER DRIVE,0.716
1759,3,BULLOCK COUNTY HOSPITAL,0.716
430,16,96%,0.716
5792,5,HELENA,0.716
9583,16,100%,0.716
9232,8,ORANGE,0.716
6610,7,71653,0.716
1422,12,Yes,0.716
3573,17,51 patients,0.716
6087,13,Surgical Infection Prevention,0.716
9050,17,8 patients,0.716
5638,11,Voluntary non-profit - Other,0.716
1513,3,D C H REGIONAL MEDICAL CENTER,0.716
1371,12,Yes,0.716
5425,8,RANDOLPH,0.716
1781,8,MARENGO,0.716
7751,9,4158332646,0.716
7247,11,Proprietary,0.716
1235,12,Yes,0.716
6538,11,Voluntary non-profit - Church,0.716
583,7,36854,0.716
5696,5,HOT SPRINGS,0.716
8686,12,Yes,0.716
8191,3,MARIAN MEDICAL CENTER,0.716
3389,15,Pneumonia Patients Assessed and Given Pneumococcal Vaccination,0.716
4368,11,Voluntary non-profit - Private,0.716
5169,8,SAINT FRANCIS,0.716
8741,8,LOS ANGELES,0.716
8214,6,CA,0.716
7068,8,KERN,0.716
9115,11,Voluntary non-profit - Church,0.716
1388,3,DECATUR GENERAL HOSPITAL,0.716
4193,11,Proprietary,0.716
6487,13,Surgical Infection Prevention,0.716
2641,3,BARTLETT REGIONAL HOSPITAL,0.716
5023,18,AR_SCIP-INF-2,0.716
5046,13,Surgical Infection Prevention,0.716
4222,13,Heart Attack,0.716
1207,17,16 patients,0.716
7728,8,SANTA CLARA,0.716
4368,17,78 patients,0.716
8871,4,155 GLASSON WAY,0.716
7483,4,1100 W STEWART DR,0.716
2522,4,649 ST STEPHENS AVENUE HIGHWAY 56,0.716
686,11,Government - State,0.716
1513,15,surgery patients who were given an antibiotic at the right time (within one hour before surgery) to help prevent infection,0.716
2985,10,Acute Care Hospitals,0.716
7728,5,GILROY,0.716
5894,2,04010F,0.716
8621,16,96%,0.716
5887,5,LITTLE ROCK,0.716
1887,17,39 patients,0.716
8378,4,18300 ROSCOE BLVD,0.716
2398,10,Acute Care Hospitals,0.716
6016,12,Yes,0.716
7051,17,302 patients,0.716
2594,17,155 patients,0.716
51,2,10005,0.716
9056,9,7142204533,0.716
6025,8,PULASKI,0.716
2459,4,215 PERRY HILL ROAD,0.716
4838,16,62%,0.716
4877,16,100%,0.716
9115,7,95382,0.716
3466,17,54 patients,0.716
4331,12,Yes,0.716
9589,8,ORANGE,0.716
5966,6,AR,0.716
1271,17,50 patients,0.716
4838,11,Proprietary,0.716
2457,5,MONTGOMERY,0.716
1434,3,WALKER BAPTIST MEDICAL CENTER,0.716
3552,2,30062,0.716
3689,3,HAVASU REGIONAL MEDICAL CENTER,0.716
7948,17,3 patients,0.716
3913,3,SCOTTSDALE HEALTHCARE-SHEA MEDICAL CENTER,0.716
8462,17,0 patients,0.716
3573,16,100%,0.716
7793,9,6192948111,0.716
8499,6,CA,0.716
8604,9,9098814440,0.716
3028,6,AZ,0.716
5727,9,8705238911,0.716
4908,3,JOHNSON REGIONAL MEDICAL CENTER,0.716
5392,6,AR,0.716
7857,4,1600 N ROSE AVE,0.716
7488,18,CA_SCIP-CARD-2,0.716
7365,12,Yes,0.716
6426,12,Yes,0.716
8935,4,200 WEST ARBOR DRIVE,0.716
1227,16,99%,0.716
1817,3,MOBILE INFIRMARY,0.716
8650,7,91778,0.716
8307,11,Government - Hospital District or Authority,0.716
3784,3,PHS INDIAN HOSPITAL-SAN CARLOS,0.716
6444,15,Heart Attack Patients Given Aspirin at Arrival,0.716
9522,13,Surgical Infection Prevention,0.716
7104,7,95128,0.716
9546,11,Voluntary non-profit - Private,0.715
3983,10,Acute Care Hospitals,0.715
9028,8,LOS ANGELES,0.715
7488,6,CA,0.715
9913,17,25 patients,0.715
7139,6,CA,0.715
9606,5,POMONA,0.715
8267,16,100%,0.715
2877,8,KENAI PENINSULA,0.715
8856,12,Yes,0.715
6796,3,QUEEN OF THE VALLEY MEDICAL CENTER,0.715
7579,18,CA_HF-2,0.715
107,4,702 N MAIN ST,0.715
40,14,SCIP-INF-3,0.715
8835,10,Acute Care Hospitals,0.715
3512,17,44 patients,0.715
3983,18,AZ_SCIP-CARD-2,0.715
3281,18,AZ_AMI-4,0.715
9232,4,200 WEST ARBOR DRIVE,0.715
9563,2,50228,0.715
6909,5,LOS ANGELES,0.715
9916,5,FRESNO,0.715
2742,17,21 patients,0.715
1956,8,CLARKE,0.715
583,12,Yes,0.715
8270,4,235 N HOOVER ST,0.715
172,9,2565718000,0.715
6408,17,38 patients,0.715
4222,11,Voluntary non-profit - Private,0.715
6996,9,6194650711,0.715
9546,13,Surgical Infection Prevention,0.715
2827,9,9078747000,0.715
1227,6,AL,0.715
8168,10,Acute Care Hospitals,0.715
6963,16,100%,0.715
5913,18,AR_AMI-4,0.715
3794,8,MARICOPA,0.715
6549,11,Voluntary non-profit - Private,0.715
7388,11,Voluntary non-profit - Private,0.715
6145,4,126 HOSPITAL AVE,0.715
8278,18,CA_SCIP-INF-6,0.715
5616,11,Voluntary non-profit - Other,0.715
4139,10,Acute Care Hospitals,0.715
837,11,Voluntary non-profit - Private,0.715
5559,10,Acute Care Hospitals,0.715
5717,12,Yes,0.715
3707,3,FORT DEFIANCE INDIAN HOSPITAL,0.715
8271,8,LOS ANGELES,0.715
3839,7,85032,0.715
8610,6,CA,0.715
9937,16,87%,0.715
9465,18,CA_PN-6,0.715
5953,12,Yes,0.715
8788,7,92335,0.715
5218,11,Proprietary,0.715
8191,18,CA_HF-4,0.715
9115,16,93%,0.715
327,17,83 patients,0.715
2064,16,81%,0.715
1936,4,1330 HIGHWAY 231 SOUTH,0.715
3191,11,Voluntary non-profit - Other,0.715
271,8,SHELBY,0.715
1271,3,MEDICAL CENTER BARBOUR,0.715
4023,16,82%,0.715
417,16,100%,0.715
4139,9,4808545050,0.715
7699,4,2050 VIBORG RD,0.715
4672,12,No,0.715
7389,10,Acute Care Hospitals,0.715
4023,5,GLENDALE,0.715
4816,17,18 patients,0.715
1499,5,TUSCALOOSA,0.715
6288,8,STONE,0.715
4989,8,BENTON,0.715
4743,3,SAGE MEMORIAL HOSPITAL,0.715
11,4,1300 SOUTH MONTGOMERY AVENUE,0.715
5419,8,RANDOLPH,0.715
4904,17,27 patients,0.715
9928,4,465 W PUTNAM AVE,0.715
1472,5,GROVE HILL,0.715
4738,8,APACHE,0.715
6295,18,AR_AMI-7A,0.715
6706,16,100%,0.715
8174,11,Voluntary non-profit - Church,0.715
9247,4,200 WEST ARBOR DRIVE,0.715
7389,6,CA,0.715
2394,17,79 patients,0.715
2985,17,365 patients,0.715
6641,17,58 patients,0.715
6835,17,27 patients,0.715
9376,18,CA_AMI-2,0.715
9629,4,1911 JOHNSON AVE,0.715
288,8,SHELBY,0.715
1862,10,Acute Care Hospitals,0.715
4675,14,SCIP-VTE-2,0.715
9955,12,Yes,0.715
7777,8,SAN DIEGO,0.715
5604,9,8705417100,0.715
9166,5,KING CITY,0.715
5687,17,16 patients,0.715
2502,2,01021F,0.715
1594,11,Government - Hospital District or Authority,0.715
8687,4,400 N MCDOWELL BLVD,0.715
8821,8,MONTEREY,0.715
8741,13,Pneumonia,0.715
6087,6,AR,0.715
6681,3,ST ROSE HOSPITAL,0.715
8278,5,LOS ANGELES,0.715
8532,11,Voluntary non-profit - Other,0.715
8731,17,4 patients,0.715
3552,3,SUMMIT HEALTHCARE REGIONAL MEDICAL CENTER,0.715
5145,18,AR_PN-7,0.715
6723,16,100%,0.715
8303,8,LOS ANGELES,0.715
6819,18,CA_SCIP-INF-6,0.715
3471,10,Acute Care Hospitals,0.715
3348,15,surgery patients whose preventive antibiotics were stopped at the right time (within 24 hours after surgery),0.715
8551,11,Voluntary non-profit - Other,0.715
3929,6,AZ,0.715
5311,6,AR,0.715
210,5,BIRMINGHAM,0.715
1388,5,DECATUR,0.715
1260,11,Voluntary non-profit - Other,0.715
9510,2,50225,0.715
4191,10,Acute Care Hospitals,0.715
771,11,Proprietary,0.715
9531,16,92%,0.715
2699,17,22 patients,0.715
2458,12,No,0.715
9225,5,LAGUNA BEACH,0.715
6485,3,BAPTIST HEALTH MED CTR-ARKADELPHIA,0.715
3619,9,9286697300,0.715
9329,7,94062,0.715
4659,4,2174 WEST OAK AVENUE,0.715
5638,10,Acute Care Hospitals,0.715
6184,11,Voluntary non-profit - Church,0.715
5050,16,91%,0.715
6819,10,Acute Care Hospitals,0.715
1276,4,820 W WASHINGTON ST,0.715
6641,14,SCIP-INF-6,0.715
2502,11,Government Federal,0.715
9232,11,Voluntary non-profit - Other,0.715
7265,4,2333 BUCHANAN STREET,0.715
9968,16,97%,0.715
6087,11,Voluntary non-profit - Private,0.715
6355,11,Voluntary non-profit - Private,0.715
3471,5,SCOTTSDALE,0.714
4102,6,AZ,0.714
9115,4,825 DELBON AVE,0.714
8955,10,Acute Care Hospitals,0.714
781,3,HUNTSVILLE HOSPITAL,0.714
6553,8,DESHA,0.714
4437,6,AZ,0.714
1545,4,500 HOSPITAL DRIVE,0.714
3854,3,CHINLE COMPREHENSIVE CARE FACILITY,0.714
8296,12,Yes,0.714
8051,16,94%,0.714
7496,6,CA,0.714
3481,11,Voluntary non-profit - Other,0.714
7389,4,5555 WEST THUNDERBIRD ROAD,0.714
911,3,RIVERVIEW REGIONAL MEDICAL CENTER,0.714
4274,4,1551 EAST TANGERINE ROAD,0.714
7103,4,751 SOUTH BASCOM AVENUE,0.714
9682,12,Yes,0.714
8676,17,36 patients,0.714
1558,5,WETUMPKA,0.714
5154,16,83%,0.714
7863,6,CA,0.714
8604,7,92404,0.714
9894,12,No,0.714
3667,16,96%,0.714
5851,3,MEDICAL PARK HOSPITAL,0.714
257,4,33700 HIGHWAY 43,0.714
8171,7,90262,0.714
1974,15,patients who got treatment  at the right time (within 24 hours before or after their surgery) to help prevent blood clots after certain types of surgery,0.714
8274,6,CA,0.714
5266,12,Yes,0.714
5614,5,STUTTGART,0.714
9099,18,CA_SCIP-VTE-2,0.714
2568,8,RANDOLPH,0.714
9750,9,8314627700,0.714
9195,10,Acute Care Hospitals,0.714
6557,13,Pneumonia,0.714
9227,10,Acute Care Hospitals,0.714
3659,9,9283484000,0.714
1781,3,BRYAN W WHITFIELD MEM HOSP INC,0.714
8869,13,Surgical Infection Prevention,0.714
8876,4,900 HYDE ST,0.714
5313,17,56 patients,0.714
6002,12,Yes,0.714
4135,5,MESA,0.714
5196,2,40020,0.714
6538,4,#4 HOSPITAL DRIVE,0.714
887,17,19 patients,0.714
8621,3,NOVATO COMMUNITY HOSPITAL,0.714
9036,6,CA,0.714
9541,3,AHMC ANAHEIM REGIONAL MEDICAL CENTER,0.714
3202,12,Yes,0.714
5219,16,96%,0.714
8319,6,CA,0.714
966,11,Proprietary,0.714
1434,17,203 patients,0.714
3471,13,Surgical Infection Prevention,0.714
8165,17,255 patients,0.714
979,12,Yes,0.714
5455,5,CAMDEN,0.714
3667,3,HAVASU REGIONAL MEDICAL CENTER,0.714
5851,12,Yes,0.714
9606,9,9098659500,0.714
1920,13,Surgical Infection Prevention,0.714
7479,2,50069,0.714
8319,4,222 W 39TH AVE,0.714
7458,5,OAKDALE,0.714
8014,5,CASTRO VALLEY,0.714
8191,6,CA,0.714
5712,10,Acute Care Hospitals,0.714
5268,8,BAXTER,0.714
8296,6,CA,0.714
5774,11,Voluntary non-profit - Private,0.714
3322,18,AZ_SCIP-INF-2,0.714
1276,8,BARBOUR,0.714
8202,16,90%,0.714
9937,8,TULARE,0.714
8830,5,LOS ANGELES,0.714
8214,17,304 patients,0.714
6555,10,Critical Access Hospitals,0.714
3950,4,5555 WEST THUNDERBIRD ROAD,0.714
6082,8,PULASKI,0.714
7352,11,Government - Hospital District or Authority,0.714
7007,11,Voluntary non-profit - Private,0.714
3711,11,Government - Federal,0.714
3351,3,ST JOSEPH-S HOSPITAL AND MEDICAL CENTER,0.714
3451,11,Proprietary,0.714
5510,10,Acute Care Hospitals,0.714
7458,6,CA,0.714
7434,6,CA,0.714
1956,4,220 HOSPITAL DRIVE,0.714
1321,4,400 EAST 10TH STREET,0.714
8214,4,4001 J ST,0.714
5826,3,MEDICAL CENTER SOUTH ARKANSAS,0.714
6841,3,SUTTER AMADOR HOSPITAL,0.714
4832,8,GILA,0.714
1673,3,PRINCETON BAPTIST MEDICAL CENTER,0.714
1927,2,10126,0.714
2877,12,Yes,0.714
9968,11,Government - State,0.714
4191,5,PHOENIX,0.714
4672,3,SOUTHEAST ARIZONA MEDICAL CENTER,0.714
4265,17,196 patients,0.714
3929,8,MARICOPA,0.714
3933,7,85206,0.714
7552,3,KAISER FOUNDATION HOSPITAL - WALNUT CREEK,0.714
4368,12,Yes,0.714
2641,2,20008,0.714
5548,5,MAGNOLIA,0.714
211,5,BIRMINGHAM,0.714
5894,3,VA CENTRAL AR. VETERANS HEALTHCARE SYSTEM LR,0.714
2580,2,13301,0.714
9448,17,38 patients,0.714
9050,5,ANAHEIM,0.714
1107,3,ST VINCENTS HOSPITAL,0.714
4587,15,Pneumonia Patients Assessed and Given Pneumococcal Vaccination,0.714
8270,8,LOS ANGELES,0.714
4265,15,surgery patients whose preventive antibiotics were stopped at the right time (within 24 hours after surgery),0.714
1759,16,25%,0.714
9531,3,AHMC ANAHEIM REGIONAL MEDICAL CENTER,0.714
3582,4,5301 EAST GRANT ROAD,0.714
8741,12,Yes,0.714
9968,7,90095,0.714
8741,4,4867 SUNSET BLVD,0.714
3811,5,PHOENIX,0.713
9893,3,GOOD SAMARITAN HOSPITAL,0.713
9195,2,50191,0.713
6969,5,NATIONAL CITY,0.713
5933,7,72205,0.713
2036,12,Yes,0.713
1499,4,809 UNIVERSITY BOULEVARD EAST,0.713
6002,2,40132,0.713
6723,3,PENINSULA MEDICAL CENTER,0.713
5717,5,NEWPORT,0.713
2247,4,2105 EAST SOUTH BOULEVARD,0.713
5213,5,SPRINGDALE,0.713
4908,17,16 patients,0.713
4719,3,HOPI HEALTH CARE CENTER,0.713
6212,9,8702383300,0.713
7858,3,ST JOHN-S REGIONAL MEDICAL CENTER,0.713
7103,2,50038,0.713
9292,6,CA,0.713
218,8,JEFFERSON,0.713
7470,10,Acute Care Hospitals,0.713
5023,8,YELL,0.713
9968,4,757 WESTWOOD PLAZA,0.713
5774,15,Pneumonia Patients Given Initial Antibiotic(s) within 6 Hours After Arrival,0.713
3099,16,76%,0.713
6036,5,SHERWOOD,0.713
6922,7,92501,0.713
1175,16,79%,0.713
5395,16,100%,0.713
1371,7,36535,0.713
2568,11,Government - Hospital District or Authority,0.713
2370,7,35653,0.713
8731,11,Voluntary non-profit - Other,0.713
25,12,Yes,0.713
9629,17,151 patients,0.713
4960,5,LITTLE ROCK,0.713
502,7,35233,0.713
3057,10,Acute Care Hospitals,0.713
7857,11,Voluntary non-profit - Church,0.713
4989,16,96%,0.713
6403,10,Critical Access Hospitals,0.713
1974,18,AL_SCIP-VTE-2,0.713
8701,12,Yes,0.713
7555,17,57 patients,0.713
9421,11,Voluntary non-profit - Private,0.713
2677,16,90%,0.713
6288,2,41310,0.713
1371,17,108 patients,0.713
516,11,Voluntary non-profit - Private,0.713
3726,9,9282832501,0.713
11,3,HELEN KELLER MEMORIAL HOSPITAL,0.713
9350,8,LOS ANGELES,0.713
2815,8,SITKA,0.713
3689,2,30069,0.713
7122,11,Voluntary non-profit - Private,0.713
2372,13,Surgical Infection Prevention,0.713
5947,7,72401,0.713
2215,11,Proprietary,0.713
3747,2,30074,0.713
6654,4,2215 WILDWOOD AVENUE,0.713
9465,10,Acute Care Hospitals,0.713
1042,11,Government - Federal,0.713
150,9,2567736511,0.713
7793,14,SCIP-INF-4,0.713
9257,3,WATSONVILLE COMMUNITY HOSPITAL,0.713
5521,7,72917,0.713
8684,18,CA_HF-3,0.713
5940,7,72401,0.713
9453,3,SHARP CHULA VISTA MEDICAL CENTER,0.713
9132,2,50180,0.713
7790,3,SCRIPPS MERCY HOSPITAL,0.713
5015,8,YELL,0.713
9928,12,Yes,0.713
9682,10,Acute Care Hospitals,0.713
4593,5,WICKENBURG,0.713
8110,16,96%,0.713
2477,5,MONTGOMERY,0.713
9547,17,547 patients,0.713
7051,18,CA_SCIP-INF-1,0.713
4133,16,100%,0.713
6307,12,Yes,0.713
9928,8,TULARE,0.713
7103,16,86%,0.713
9448,8,LOS ANGELES,0.713
691,10,Acute Care Hospitals,0.713
3351,17,226 patients,0.713
7068,4,420 34TH ST BOX 1888,0.713
3657,9,9283484000,0.713
6845,16,98%,0.713
3689,18,AZ_SCIP-VTE-1,0.713
5953,6,AR,0.713
9099,4,1165 MONTGOMERY DR,0.713
3146,10,Acute Care Hospitals,0.713
750,7,36420,0.713
5213,6,AR,0.713
3983,11,Voluntary non-profit - Private,0.713
1042,12,Yes,0.713
7874,3,ST JOSEPHS MED CENTER OF STOCKTON,0.713
5504,6,AR,0.713
8362,10,Acute Care Hospitals,0.713
8165,12,Yes,0.713
4292,16,100%,0.713
8788,13,Pneumonia,0.713
2784,6,AK,0.713
6212,8,CROSS,0.713
6202,17,39 patients,0.713
9610,8,LOS ANGELES,0.713
8621,6,CA,0.713
2860,16,100%,0.713
1300,17,36 patients,0.713
862,10,Acute Care Hospitals,0.713
9583,7,92843,0.713
8871,7,95945,0.713
8662,16,97%,0.713
1759,18,AL_HF-3,0.713
7139,12,Yes,0.713
5455,11,Voluntary non-profit - Private,0.713
9227,3,SOUTH COAST MEDICAL CENTER,0.713
4981,11,Voluntary non-profit - Church,0.713
5744,17,0 patients,0.713
3901,6,AZ,0.713
2104,9,2058771000,0.713
530,5,MONTGOMERY,0.713
4593,10,Critical Access Hospitals,0.713
5266,17,109 patients,0.713
4102,17,18 patients,0.713
2251,11,Government Federal,0.713
2677,10,Acute Care Hospitals,0.713
9378,10,Acute Care Hospitals,0.713
2693,11,Government - Federal,0.713
3950,8,MARICOPA,0.713
3552,10,Acute Care Hospitals,0.713
940,16,67%,0.712
3674,17,137 patients,0.712
6088,8,PULASKI,0.712
5405,3,CRITTENDEN MEMORIAL HOSPITAL,0.712
8174,4,3630 EAST IMPERIAL HIGHWAY,0.712
1472,8,CLARKE,0.712
8784,8,SAN BERNARDINO,0.712
4139,5,MESA,0.712
8671,13,Pneumonia,0.712
133,12,Yes,0.712
5248,18,AR_PN-7,0.712
3512,3,BANNER BOSWELL MEDICAL CENTER,0.712
5414,4,2215 WILDWOOD AVENUE,0.712
1699,17,318 patients,0.712
939,5,GEORGIANA,0.712
1422,8,WALKER,0.712
9960,6,CA,0.712
1005,10,Acute Care Hospitals,0.712
2279,2,10150,0.712
6371,3,SOUTH MISSISSISSPI COUNTY REGIONAL MEDICAL CENTER,0.712
6036,6,AR,0.712
5761,9,5017766000,0.712
3854,15,Pneumonia Patients Given Smoking Cessation Advice/Counseling,0.712
3387,12,Yes,0.712
2011,8,SAINT CLAIR,0.712
8068,12,Yes,0.712
7672,17,12 patients,0.712
2502,12,No,0.712
3573,12,Yes,0.712
2428,17,126 patients,0.712
6534,16,87%,0.712
7555,3,KAISER FOUNDATION HOSPITAL - WALNUT CREEK,0.712
2257,3,BIRMINGHAM VA MEDICAL CENTER,0.712
8718,11,Voluntary non-profit - Private,0.712
5616,4,2215 WILDWOOD AVENUE,0.712
5981,16,100%,0.712
2398,4,810 ST VINCENTS DRIVE,0.712
3586,16,97%,0.712
8955,11,Government - Local,0.712
3580,6,AZ,0.712
3322,11,Voluntary non-profit - Private,0.712
2251,10,Acute Care - VA Medical Center,0.712
2905,11,Proprietary,0.712
4340,8,MOHAVE,0.712
8271,6,CA,0.712
966,3,MEDICAL CENTER ENTERPRISE,0.712
2251,4,1720 UNIVERSITY BLVD,0.712
5846,11,Proprietary,0.712
4951,3,WASHINGTON REGIONAL MED CTR AT NO HILLS,0.712
4975,10,Acute Care Hospitals,0.712
8914,8,SANTA CLARA,0.712
8254,6,CA,0.712
4675,4,2174 WEST OAK AVENUE,0.712
8254,12,Yes,0.712
4258,12,No,0.712
6316,3,BAPTIST HEALTH MED CTR HEBER SPINGS,0.712
9500,16,93%,0.712
8650,15,Pneumonia Patients Assessed and Given Influenza Vaccination,0.712
9894,10,Acute Care Hospitals,0.712
3944,10,Acute Care Hospitals,0.712
8610,8,MARIN,0.712
1276,5,EUFAULA,0.712
3117,6,AR,0.712
6746,13,Surgical Infection Prevention,0.712
1207,10,Acute Care Hospitals,0.712
5555,10,Acute Care Hospitals,0.712
9072,2,50173,0.712
5846,8,HEMPSTEAD,0.712
7243,10,Acute Care Hospitals,0.712
3998,5,SUN CITY WEST,0.712
1493,8,CLARKE,0.712
741,11,Government - Hospital District or Authority,0.712
6969,4,2400 EAST FOURTH STREET,0.712
8854,8,NEVADA,0.712
5196,8,CRAIGHEAD,0.712
8948,3,ENCINO HOSPITAL MEDICAL CENTER,0.712
8684,11,Voluntary non-profit - Other,0.712
288,10,Acute Care Hospitals,0.712
7230,7,92243,0.712
5346,6,AR,0.712
4908,5,CLARKSVILLE,0.712
4266,4,475 SOUTH DOBSON ROAD,0.712
1594,10,Acute Care Hospitals,0.712
5438,10,Acute Care Hospitals,0.712
8128,12,Yes,0.712
6589,5,WARREN,0.712
3573,6,AZ,0.712
7241,5,OJAI,0.712
8267,10,Acute Care Hospitals,0.712
8987,2,50167,0.712
9019,10,Acute Care Hospitals,0.712
8110,7,92503,0.712
4324,11,Proprietary,0.712
176,3,MARSHALL MEDICAL CENTER NORTH,0.712
8610,9,4152091300,0.712
4539,11,Government Federal,0.712
2008,12,Yes,0.712
5152,5,VAN BUREN,0.712
8869,16,99%,0.712
947,4,515 MIRANDA ST,0.712
3770,10,Acute Care Hospitals,0.712
2877,16,67%,0.712
6642,12,No,0.712
51,18,AL_AMI-8A,0.712
5419,9,8708926000,0.712
6088,17,111 patients,0.712
5154,5,FORREST CITY,0.712
3919,17,3 patients,0.712
1476,10,Acute Care Hospitals,0.712
8493,3,REGIONAL MEDICAL CENTER OF SAN JOSE,0.712
7530,16,100%,0.712
2348,5,MUSCLE SHOALS,0.712
4191,12,No,0.712
4008,18,AZ_SCIP-CARD-2,0.712
5308,10,Acute Care Hospitals,0.712
3522,16,97%,0.712
9621,9,9098659500,0.712
837,3,CHILTON MEDICAL CENTER,0.712
5722,7,72112,0.712
6204,10,Critical Access Hospitals,0.712
1974,4,220 HOSPITAL DRIVE,0.712
6835,3,SUTTER AMADOR HOSPITAL,0.712
8735,11,Voluntary non-profit - Other,0.712
8829,4,1401 SOUTH GRAND AVENUE,0.712
8513,10,Acute Care Hospitals,0.712
6393,13,Surgical Infection Prevention,0.712
3734,12,Yes,0.711
9664,7,92118,0.711
5277,9,8705081000,0.711
8356,7,91325,0.711
7458,7,95361,0.711
8362,6,CA,0.711
6088,16,100%,0.711
1276,10,Acute Care Hospitals,0.711
2372,16,99%,0.711
9522,18,CA_SCIP-INF-6,0.711
133,4,101 HOSPITAL CIRCLE,0.711
2563,4,59928 HIGHWAY 22   P O BOX 670,0.711
3512,8,MARICOPA,0.711
5160,6,AR,0.711
2699,10,Acute Care Hospitals,0.711
6538,10,Critical Access Hospitals,0.711
4562,17,58 patients,0.711
4017,3,ARROWHEAD HOSPITAL,0.711
2011,16,58%,0.711
5638,4,1701 SOUTH PELHAM ROAD,0.711
9955,10,Acute Care Hospitals,0.711
9164,8,MONTEREY,0.711
9913,9,5592285338,0.711
8215,11,Voluntary non-profit - Other,0.711
61,11,Government - Hospital District or Authority,0.711
8860,12,Yes,0.711
8987,12,Yes,0.711
5504,17,367 patients,0.711
6202,5,WYNNE,0.711
8856,17,0 patients,0.711
8761,3,KAISER FOUNDATION HOSPITAL - DOWNEY,0.711
1126,6,AL,0.711
3512,5,SUN CITY,0.711
2394,4,810 ST VINCENTS DRIVE,0.711
2459,12,No,0.711
9937,17,214 patients,0.711
899,5,FAYETTE,0.711
1021,3,GREENE COUNTY HOSPITAL,0.711
7761,17,174 patients,0.711
290,8,SHELBY,0.711
5894,4,TWO ST VINCENT CIRCLE,0.711
2330,8,COLBERT,0.711
9626,7,93401,0.711
4924,5,CLARKSVILLE,0.711
4551,13,Heart Attack,0.711
2392,4,810 ST VINCENTS DRIVE,0.711
4770,5,WINSLOW,0.711
3917,8,MARICOPA,0.711
398,3,PRATTVILLE BAPTIST HOSPITAL,0.711
5023,13,Surgical Infection Prevention,0.711
7607,11,Voluntary non-profit - Other,0.711
6557,5,DUMAS,0.711
9893,11,Proprietary,0.711
5658,11,Voluntary non-profit - Other,0.711
5671,8,HOT SPRING,0.711
4924,6,AR,0.711
5953,17,353 patients,0.711
2177,10,Acute Care Hospitals,0.711
61,18,AL_PN-7,0.711
6487,12,Yes,0.711
9619,12,Yes,0.711
3451,8,MARICOPA,0.711
436,8,ANCHORAGE,0.711
3089,4,TWO ST VINCENT CIRCLE,0.711
172,2,10010,0.711
5761,16,72%,0.711
3660,6,AZ,0.711
4205,9,6238821500,0.711
3442,11,Proprietary,0.711
2942,3,TUCSON MEDICAL CENTER,0.711
1920,4,42024 HIGHWAY 195 E,0.711
7552,6,CA,0.711
8068,3,SHARP MEMORIAL HOSPITAL,0.711
1034,4,201 MARIARDEN ROAD,0.711
2269,13,Surgical Infection Prevention,0.711
5814,8,UNION,0.711
977,18,AL_SCIP-INF-4,0.711
4796,8,COCHISE,0.711
8948,2,50158,0.711
5046,11,Proprietary,0.711
8935,12,Yes,0.71
7874,12,Yes,0.71
233,2,10012,0.71
516,3,CHEROKEE MEDICAL CENTER,0.71
8068,7,92123,0.71
3283,17,0 patients,0.71
69,4,2505 U S HIGHWAY 431 NORTH,0.71
2522,12,No,0.71
4422,5,MESA,0.71
3451,17,304 patients,0.71
3146,2,50054,0.71
911,16,88%,0.71
202,16,94%,0.71
4567,7,86313,0.71
2729,9,9072624404,0.71
3294,10,Acute Care Hospitals,0.71
8254,3,LOMPOC VALLEY MEDICAL CENTER,0.71
5521,17,131 patients,0.71
6746,17,203 patients,0.71
5359,4,15155 HIGHWAY 43,0.71
4258,13,Pneumonia,0.71
2568,5,ROANOKE,0.71
1235,2,10066,0.71
5346,3,ARKANSAS METHODIST MEDICAL CENTER,0.71
5154,10,Acute Care Hospitals,0.71
8296,11,Government - State,0.71
5311,5,NORTH LITTLE ROCK,0.71
7265,17,114 patients,0.71
583,5,VALLEY,0.71
8597,7,92404,0.71
3573,4,5301 EAST GRANT ROAD,0.71
2742,11,Government - Federal,0.71
2624,14,PN-7,0.71
8307,8,SAN MATEO,0.71
6841,5,JACKSON,0.71
3302,14,SCIP-VTE-2,0.71
9050,8,ORANGE,0.71
6845,3,SUTTER AMADOR HOSPITAL,0.71
6845,6,CA,0.71
2409,8,RUSSELL,0.71
7068,17,50 patients,0.71
8731,10,Acute Care Hospitals,0.71
5053,17,210 patients,0.71
5604,7,71603,0.71
1300,11,Voluntary non-profit - Other,0.71
2457,8,MONTGOMERY,0.71
4989,4,2710 RIFE MEDICAL LANE,0.71
3453,16,100%,0.71
646,11,Government - Local,0.71
2458,4,215 PERRY HILL ROAD,0.71
8171,4,3630 EAST IMPERIAL HIGHWAY,0.71
4672,7,85607,0.71
7852,18,CA_AMI-7A,0.71
5811,10,Acute Care Hospitals,0.71
211,10,Acute Care Hospitals,0.71
9329,12,Yes,0.71
6113,7,72703,0.71
2370,12,Yes,0.71
3247,11,Voluntary non-profit - Private,0.71
6307,15,surgery patients who were taking heart drugs called beta blockers before coming to the hospital&#54; who were kept on the beta blockers during the period just before and after their surgery,0.71
9399,8,LOS ANGELES,0.71
2372,10,Acute Care Hospitals,0.71
2279,17,3 patients,0.71
1997,13,Surgical Infection Prevention,0.71
3824,3,PARADISE VALLEY HOSPITAL,0.71
4222,15,Heart Attack Patients Given ACE Inhibitor or ARB for Left Ventricular Systolic Dysfunction (LVSD),0.71
6221,5,MCGEHEE,0.71
3494,2,30055,0.71
3712,9,9287298000,0.71
3047,8,MARICOPA,0.71
3689,10,Acute Care Hospitals,0.71
2765,16,90%,0.71
8894,3,SAINT FRANCIS MEMORIAL HOSPITAL,0.71
5313,12,Yes,0.71
4567,2,03033F,0.71
8342,6,CA,0.71
7434,13,Pneumonia,0.71
1971,12,Yes,0.71
8835,2,50149,0.71
6036,8,PULASKI,0.71
2567,17,10 patients,0.71
7595,7,94589,0.71
2542,10,Critical Access Hospitals,0.71
3659,17,122 patients,0.71
3400,12,Yes,0.71
2477,3,VA CENTRAL ALABAMA HEALTHCARE SYSTEM - MONTG,0.71
6936,16,99%,0.71
417,12,No,0.71
7548,10,Acute Care Hospitals,0.71
4384,11,Voluntary non-profit - Church,0.71
5579,8,MISSISSIPPI,0.71
1321,3,NORTHEAST ALABAMA REGIONAL MED CENTER,0.71
3670,17,83 patients,0.71
6036,15,all heart surgery patients whose blood sugar (blood glucose) is kept under good control in the days right after surgery,0.71
7854,12,No,0.71
5789,9,8703385800,0.71
9378,11,Voluntary non-profit - Private,0.71
9440,7,90650,0.71
7777,5,SAN DIEGO,0.71
4770,3,LITTLE COLORADO MEDICAL CENTER,0.71
8342,12,Yes,0.709
947,16,65%,0.709
5846,16,87%,0.709
1282,17,15 patients,0.709
61,16,81%,0.709
9232,6,CA,0.709
9247,12,Yes,0.709
5887,12,No,0.709
5123,16,98%,0.709
9955,5,LOS ANGELES,0.709
5419,16,99%,0.709
5613,10,Acute Care Hospitals,0.709
3878,7,85741,0.709
5414,16,86%,0.709
8650,10,Acute Care Hospitals,0.709
1118,12,Yes,0.709
5558,17,7 patients,0.709
8270,6,CA,0.709
3726,6,AZ,0.709
218,17,229 patients,0.709
3481,15,all heart surgery patients whose blood sugar (blood glucose) is kept under good control in the days right after surgery,0.709
8267,12,No,0.709
6295,3,HOWARD MEMORIAL HOSPITAL,0.709
2204,2,10148,0.709
3573,8,PIMA,0.709
9192,12,Yes,0.709
6082,3,ARKANSAS SURGICAL HOSPITAL,0.709
4567,11,Government Federal,0.709
6796,13,Surgical Infection Prevention,0.709
8493,5,SAN JOSE,0.709
8822,16,94%,0.709
7728,18,CA_PN-6,0.709
4877,10,Childrens,0.709
3249,15,all heart surgery patients whose blood sugar (blood glucose) is kept under good control in the days right after surgery,0.709
6277,6,AR,0.709
6706,18,CA_HF-3,0.709
8319,3,SAN MATEO MEDICAL CENTER,0.709
9072,9,7142204533,0.709
2251,8,JEFFERSON,0.709
4981,3,MERCY MEDICAL CENTER,0.709
7728,6,CA,0.709
2742,15,Heart Attack Patients Given Aspirin at Discharge,0.709
4331,7,86426,0.709
8496,10,Acute Care Hospitals,0.709
9583,12,Yes,0.709
7858,17,194 patients,0.709
4274,18,AZ_AMI-5,0.709
8241,10,Acute Care Hospitals,0.709
3856,7,86503,0.709
6360,3,DE WITT HOSPITAL & NURSING HOME; INC,0.709
3283,5,PHOENIX,0.709
1927,8,PIKE,0.709
8215,4,4001 J ST,0.709
12,11,Government - Hospital District or Authority,0.709
9600,5,POMONA,0.709
4478,6,AZ,0.709
8490,6,CA,0.709
3599,12,Yes,0.709
4869,10,Critical Access Hospitals,0.709
8274,12,No,0.709
5846,17,135 patients,0.709
6408,2,41317,0.709
9195,13,Surgical Infection Prevention,0.709
6407,2,41317,0.709
9350,10,Acute Care Hospitals,0.709
4138,2,30105,0.709
7338,8,LOS ANGELES,0.709
9099,2,50174,0.709
3784,12,Yes,0.709
5559,12,Yes,0.709
4989,3,MERCY MEDICAL CENTER,0.709
7470,5,OAKDALE,0.709
8241,5,LOMPOC,0.709
8202,11,Voluntary non-profit - Church,0.709
7529,7,95051,0.709
8378,2,50116,0.709
9103,4,825 DELBON AVE,0.709
3724,3,TUBA CITY REGIONAL HEALTH CARE CORPORATION,0.709
4135,9,4808545050,0.708
5947,3,NEA MEDICAL CENTER,0.708
211,4,50 MEDICAL PARK EAST DRIVE,0.708
2973,8,YAVAPAI,0.708
5912,6,AR,0.708
3667,12,No,0.708
6770,12,Yes,0.708
1974,8,CLARKE,0.708
686,3,UNIVERSITY OF ALABAMA HOSPITAL,0.708
6444,11,Voluntary non-profit - Private,0.708
5483,3,SPARKS REGIONAL MEDICAL CENTER,0.708
2279,5,GREENVILLE,0.708
7470,17,52 patients,0.708
1922,4,42024 HIGHWAY 195 E,0.708
4718,3,HOPI HEALTH CARE CENTER,0.708
6075,10,Acute Care Hospitals,0.708
5405,13,Surgical Infection Prevention,0.708
4100,6,AZ,0.708
6393,3,SOUTH MISSISSISSPI COUNTY REGIONAL MEDICAL CENTER,0.708
9421,10,Acute Care Hospitals,0.708
9099,15,patients who got treatment  at the right time (within 24 hours before or after their surgery) to help prevent blood clots after certain types of surgery,0.708
1280,4,820 W WASHINGTON ST,0.708
7376,6,CA,0.708
6366,4,2500 HIGHWAY 65 SOUTH,0.708
6088,11,Voluntary non-profit - Private,0.708
8254,8,SANTA BARBARA,0.708
3047,11,Proprietary,0.708
1017,3,GREENE COUNTY HOSPITAL,0.708
9198,8,LOS ANGELES,0.708
1615,16,95%,0.708
8070,3,SHARP MEMORIAL HOSPITAL,0.708
9453,11,Voluntary non-profit - Other,0.708
4640,4,901 WEST REX ALLEN DRIVE,0.708
8551,8,YOLO,0.708
4908,6,AR,0.708
8319,13,Pneumonia,0.708
8555,10,Acute Care Hospitals,0.708
8214,13,Heart Failure,0.708
4222,16,81%,0.708
2278,8,BUTLER,0.708
4768,11,Proprietary,0.708
4659,6,AZ,0.708
4784,17,4 patients,0.708
5554,8,COLUMBIA,0.708
3014,11,Proprietary,0.708
5616,12,Yes,0.708
6905,4,531 W COLLEGE ST,0.708
3712,13,Surgical Infection Prevention,0.708
7751,7,94115,0.708
4192,8,MARICOPA,0.708
648,12,No,0.708
5145,7,72956,0.708
8671,12,Yes,0.708
837,16,75%,0.708
3644,9,9283484000,0.708
9117,18,CA_SCIP-CARD-2,0.708
1266,12,No,0.708
6288,3,STONE COUNTY MEDICAL CENTER,0.708
317,4,400 EAST 10TH STREET,0.708
4065,12,Yes,0.708
3888,3,NORTHWEST MEDICAL CENTER,0.708
6936,4,200 WEST ARBOR DRIVE,0.708
9656,4,250 PROSPECT PLACE,0.708
2860,13,Surgical Infection Prevention,0.708
7352,12,Yes,0.708
771,5,ANNISTON,0.708
926,12,Yes,0.708
8701,10,Acute Care Hospitals,0.708
7790,9,6192948111,0.708
5673,5,MALVERN,0.708
4227,2,30111,0.707
3670,5,LAKE HAVASU CITY,0.707
7529,4,700 LAWRENCE EXPRESSWAY,0.707
9465,15,Pneumonia Patients Given the Most Appropriate Initial Antibiotic(s),0.707
1725,12,Yes,0.707
3804,13,Pneumonia,0.707
8241,4,508 E HICKORY AVE,0.707
4876,9,6025461959,0.707
887,5,FAYETTE,0.707
6610,4,2729 HIGHWAY 65 & 82 SOUTH,0.707
3804,3,PHOENIX INDIAN MEDICAL CENTER,0.707
5727,8,JACKSON,0.707
4562,3,VA NORTHERN ARIZONA HEALTHCARE SYSTEM,0.707
966,4,400 N EDWARDS STREET,0.707
9225,17,9 patients,0.707
2252,4,1720 UNIVERSITY BLVD,0.707
8307,5,SAN MATEO,0.707
1885,12,Yes,0.707
5311,4,3333 SPRINGHILL DRIVE,0.707
3711,7,86504,0.707
36,10,Acute Care Hospitals,0.707
1998,4,1815 HAND AVENUE,0.707
4869,11,Voluntary non-profit - Private,0.707
5933,12,Yes,0.707
3660,3,MT GRAHAM REGIONAL MEDICAL CENTER,0.707
8480,16,89%,0.707
4139,12,Yes,0.707
8362,5,NORTHRIDGE,0.707
8963,11,Government - Local,0.707
2591,13,Heart Failure,0.707
6306,11,Government - Local,0.707
646,4,209 NORTH MAIN STREET,0.707
5811,11,Proprietary,0.707
3712,5,FORT DEFIANCE,0.707
6444,4,1800 BYPASS ROAD,0.707
6333,11,Voluntary non-profit - Private,0.707
4832,7,85501,0.707
5467,16,100%,0.707
5185,10,Acute Care Hospitals,0.707
8426,10,Acute Care Hospitals,0.707
7389,12,Yes,0.707
4659,5,DOUGLAS,0.707
4784,12,No,0.707
2370,8,FRANKLIN,0.707
7496,10,Acute Care Hospitals,0.707
3674,12,No,0.707
3428,8,MARICOPA,0.707
7793,17,147 patients,0.707
317,11,Proprietary,0.707
1997,17,61 patients,0.707
7257,5,OJAI,0.707
8784,7,92335,0.707
9461,5,CHULA VISTA,0.707
3580,5,TUCSON,0.707
7175,13,Surgical Infection Prevention,0.707
4437,13,Pneumonia,0.707
3419,3,CHANDLER REGIONAL MEDICAL CENTER,0.707
8559,2,10019,0.707
5717,11,Proprietary,0.707
3294,3,MARICOPA MEDICAL CENTER,0.707
8403,5,MANTECA,0.707
911,12,Yes,0.707
4838,18,AZ_PN-3B,0.707
8621,11,Voluntary non-profit - Other,0.707
3236,12,Yes,0.707
6796,15,patients who got treatment  at the right time (within 24 hours before or after their surgery) to help prevent blood clots after certain types of surgery,0.707
6487,9,8702452622,0.707
4138,17,208 patients,0.707
662,5,WEDOWEE,0.706
9522,4,5974 PENTZ ROAD,0.706
4250,12,No,0.706
3028,5,SIERRA VISTA,0.706
7040,12,Yes,0.706
399,12,Yes,0.706
4981,17,27 patients,0.706
2980,3,VERDE VALLEY MEDICAL CENTER,0.706
6408,3,DALLAS COUNTY MEDICAL CENTER,0.706
6601,16,83%,0.706
8597,17,41 patients,0.706
516,8,CHEROKEE,0.706
3923,4,6644 EAST BAYWOOD AVENUE,0.706
5160,8,SAINT FRANCIS,0.706
4434,8,MARICOPA,0.706
3247,16,94%,0.706
8513,6,CA,0.706
7470,3,OAK VALLEY DISTRICT HOSPITAL,0.706
4191,14,SCIP-INF-4,0.706
8202,3,MARIAN MEDICAL CENTER,0.706
7044,6,CA,0.706
3442,6,AZ,0.706
4274,8,PIMA,0.706
750,10,Acute Care Hospitals,0.706
1956,7,36545,0.706
8307,16,95%,0.706
2726,11,Voluntary non-profit - Other,0.706
7141,10,Acute Care Hospitals,0.706
7007,13,Surgical Infection Prevention,0.706
4198,4,13677 WEST MCDOWELL ROAD,0.706
2075,5,YORK,0.706
741,12,Yes,0.706
8977,11,Government - Local,0.706
1997,8,BALDWIN,0.706
8426,11,Voluntary non-profit - Church,0.706
4437,17,104 patients,0.706
6277,8,STONE,0.706
8713,3,KAISER FOUNDATION HOSPITAL - PANORAMA CITY,0.706
5287,7,72034,0.706
5583,12,Yes,0.706
4198,11,Government - State,0.706
1862,15,Pneumonia Patients Whose Initial Emergency Room Blood Culture Was Performed Prior To The Administration Of The First Hospital Dose Of Antibiotics,0.706
7496,12,No,0.706
3303,11,Voluntary non-profit - Private,0.706
9132,11,Voluntary non-profit - Private,0.706
5826,12,Yes,0.706
8784,3,KAISER FOUNDATION HOSPITAL FONTANA,0.706
6674,11,Voluntary non-profit - Church,0.706
3917,9,4803212000,0.706
2985,16,99%,0.706
2269,16,98%,0.706
9225,7,92677,0.706
6876,6,CA,0.706
5913,7,72205,0.706
133,10,Acute Care Hospitals,0.706
974,8,COFFEE,0.706
4017,7,85308,0.706
3057,8,MARICOPA,0.705
9806,7,92324,0.705
6487,10,Critical Access Hospitals,0.705
9579,7,92843,0.705
150,17,0 patients,0.705
4377,5,GILBERT,0.705
7854,16,93%,0.705
979,11,Proprietary,0.705
172,11,Government - Hospital District or Authority,0.705
2817,4,2801 DEBARR ROAD,0.705
3494,17,111 patients,0.705
5617,10,Acute Care Hospitals,0.705
8665,6,CA,0.705
7004,5,LA MESA,0.705
3522,4,10401 WEST THUNDERBIRD BOULEVARD,0.705
8935,16,100%,0.705
8267,8,LOS ANGELES,0.705
9682,6,CA,0.705
8948,8,LOS ANGELES,0.705
3619,17,3 patients,0.705
4229,5,TUCSON,0.705
9502,11,Voluntary non-profit - Private,0.705
9031,16,81%,0.705
8174,7,90262,0.705
4866,5,SPRINGERVILLE,0.705
638,4,2000 PEPPERELL PARKWAY,0.705
9916,9,5592285338,0.705
5366,10,Acute Care Hospitals,0.705
7863,13,Pneumonia,0.705
7793,4,200 WEST ARBOR DRIVE,0.705
6475,3,BAPTIST HEALTH MED CTR-ARKADELPHIA,0.705
4675,8,COCHISE,0.705
3804,6,AZ,0.705
4587,16,19%,0.705
3512,9,6239777211,0.705
6642,11,Voluntary non-profit - Church,0.705
5981,5,BATESVILLE,0.705
887,4,1653 TEMPLE AVENUE NORTH,0.705
6002,8,GARLAND,0.704
7552,17,29 patients,0.704
9453,5,CHULA VISTA,0.704
4876,12,Yes,0.704
399,4,124 S MEMORIAL DR,0.704
7171,10,Acute Care Hospitals,0.704
5392,10,Acute Care Hospitals,0.704
668,17,316 patients,0.704
1235,9,3348583287,0.704
8630,6,CA,0.704
5278,7,72653,0.704
5145,5,VAN BUREN,0.704
2624,2,20006,0.704
5617,4,2215 WILDWOOD AVENUE,0.704
9256,8,SANTA CRUZ,0.704
2278,12,Yes,0.704
126,2,10008,0.704
3552,13,Surgical Infection Prevention,0.704
3057,9,4805156296,0.704
2537,10,Critical Access Hospitals,0.704
6429,12,Yes,0.704
3989,16,86%,0.704
8287,17,27 patients,0.704
4377,3,MERCY GILBERT MEDICAL CENTER,0.704
8987,17,93 patients,0.704
9421,2,50211,0.704
8496,4,225 N JACKSON AVENUE,0.704
3552,11,Voluntary non-profit - Private,0.704
6642,18,AR_SCIP-VTE-1,0.704
3917,11,Government - Hospital District or Authority,0.704
5392,5,WEST MEMPHIS,0.704
1005,7,35121,0.704
6374,17,0 patients,0.704
3238,3,JOHN C LINCOLN NORTH MOUNTAIN HOSPITAL,0.704
8184,6,CA,0.704
8860,10,Acute Care Hospitals,0.704
6426,16,68%,0.704
690,11,Government - State,0.704
6055,17,12 patients,0.704
6969,13,Surgical Infection Prevention,0.704
8118,11,Voluntary non-profit - Private,0.704
1493,7,36451,0.704
3322,3,FLAGSTAFF MEDICAL CENTER,0.704
4919,16,92%,0.704
2788,15,surgery patients needing hair removed from the surgical area before surgery&#54; who had hair removed using a safer method (electric clippers or hair removal cream sC not a razor),0.704
2905,18,AZ_PN-5C,0.704
686,15,surgery patients who were given the  right kind  of antibiotic to help prevent infection,0.704
3824,17,100 patients,0.704
3667,13,Heart Attack,0.703
7171,3,ST ELIZABETH COMMUNITY HOSPITAL,0.703
7021,12,Yes,0.703
8011,2,50095,0.703
7470,12,Yes,0.703
1615,4,750 MORPHY AVENUE,0.703
8597,10,Acute Care Hospitals,0.703
4538,11,Government Federal,0.703
8254,18,CA_SCIP-VTE-1,0.703
5792,7,72342,0.703
4102,4,4212 N 16TH ST,0.703
1821,16,85%,0.703
3481,4,300 EL CAMINO REAL,0.703
3048,3,ARIZONA HEART HOSPITAL,0.703
3707,17,37 patients,0.703
5826,8,UNION,0.703
6555,17,30 patients,0.703
5375,3,ST MARYS REGIONAL MEDICAL CENTER,0.703
9502,10,Acute Care Hospitals,0.703
9247,16,94%,0.703
9656,5,CORONADO,0.703
9453,17,48 patients,0.703
8128,16,99%,0.703
7241,3,OJAI VALLEY COMMUNITY HOSPITAL,0.703
5311,10,Acute Care Hospitals,0.703
1922,5,HALEYVILLE,0.703
7852,9,8059882500,0.703
3944,12,Yes,0.703
7171,7,96080,0.703
5438,11,Voluntary non-profit - Private,0.703
9960,10,Acute Care Hospitals,0.703
8070,5,SAN DIEGO,0.703
771,3,STRINGFELLOW MEMORIAL HOSPITAL,0.703
5554,13,Surgical Infection Prevention,0.703
4672,15,all heart surgery patients whose blood sugar (blood glucose) is kept under good control in the days right after surgery,0.703
941,10,Acute Care Hospitals,0.703
4778,8,COCHISE,0.703
8676,11,Voluntary non-profit - Other,0.703
5467,11,Government - Local,0.703
979,4,400 N EDWARDS STREET,0.703
6876,3,MERCY GENERAL HOSPITAL,0.703
9600,3,POMONA VALLEY HOSPITAL MEDICAL CENTER,0.703
8421,10,Acute Care Hospitals,0.703
8955,5,VENTURA,0.703
1971,4,220 HOSPITAL DRIVE,0.703
2027,8,MADISON,0.702
3734,16,52%,0.702
2594,2,20001,0.702
36,12,Yes,0.702
6761,5,SAN FRANCISCO,0.702
8718,12,Yes,0.702
4657,5,DOUGLAS,0.702
3471,4,7400 EAST OSBORN ROAD,0.702
9132,7,94598,0.702
7109,11,Voluntary non-profit - Private,0.702
9887,13,Pneumonia,0.702
3794,6,AZ,0.702
4017,13,Heart Attack,0.702
2949,12,Yes,0.702
686,18,AL_SCIP-INF-2,0.702
3552,16,68%,0.702
5438,12,Yes,0.702
3804,2,30078,0.702
5406,17,92 patients,0.702
3888,15,surgery patients needing hair removed from the surgical area before surgery&#54; who had hair removed using a safer method (electric clippers or hair removal cream sC not a razor),0.702
3160,16,48%,0.702
691,18,AL_SCIP-VTE-2,0.702
6835,13,Pneumonia,0.702
3663,9,9283484000,0.702
3707,13,Pneumonia,0.702
9453,4,751 MEDICAL CENTER COURT,0.702
3923,3,BANNER BAYWOOD MEDICAL CENTER,0.702
5330,10,Acute Care Hospitals,0.702
8184,8,SANTA BARBARA,0.702
2008,18,AL_HF-2,0.702
6835,18,CA_PN-4,0.702
303,12,Yes,0.702
9022,16,100%,0.702
1042,15,Pneumonia Patients Assessed and Given Pneumococcal Vaccination,0.702
3674,8,MOHAVE,0.702
8687,6,CA,0.701
1971,11,Proprietary,0.701
4869,13,Surgical Infection Prevention,0.701
8788,11,Voluntary non-profit - Private,0.701
4139,17,213 patients,0.701
2788,9,9079662411,0.701
1624,7,35161,0.701
502,8,CHEROKEE,0.701
2413,8,RUSSELL,0.701
2947,12,Yes,0.701
6075,5,NO LITTLE ROCK,0.701
8890,8,SAN FRANCISCO,0.701
7857,16,100%,0.701
4324,18,AZ_AMI-5,0.701
8871,3,SIERRA NEVADA MEMORIAL HOSPITAL,0.701
8862,5,GRASS VALLEY,0.701
3619,7,85344,0.701
4796,12,No,0.701
4587,2,31300,0.701
1721,8,AUTAUGA,0.701
6202,10,Critical Access Hospitals,0.701
9563,16,98%,0.701
4008,16,86%,0.701
8892,13,Surgical Infection Prevention,0.701
1118,4,208 PIERSON AVE,0.701
7134,11,Government - Local,0.701
4877,15,Children Who Received Systemic Corticosteroid Medication (oral and IV Medication That Reduces Inflammation and Controls Symptoms) While Hospitalized for Asthma,0.701
9955,4,757 WESTWOOD PLAZA,0.701
5123,17,121 patients,0.701
5913,6,AR,0.7
5359,7,72801,0.7
3663,8,GRAHAM,0.7
4919,11,Voluntary non-profit - Private,0.7
8532,6,CA,0.7
4965,3,ST VINCENT INFIRMARY MED CTR,0.7
3824,5,PHOENIX,0.7
8070,12,Yes,0.7
8118,5,RIVERSIDE,0.7
492,17,0 patients,0.7
3442,15,Pneumonia Patients Given Initial Antibiotic(s) within 6 Hours After Arrival,0.7
9610,7,91767,0.7
8893,17,186 patients,0.7
8051,3,SAN ANTONIO COMMUNITY HOSPITAL,0.7
1513,4,809 UNIVERSITY BOULEVARD EAST,0.7
9500,12,Yes,0.7
6345,3,DE WITT HOSPITAL & NURSING HOME; INC,0.7
1021,16,71%,0.699
3625,7,85344,0.699
1732,10,Acute Care Hospitals,0.699
3525,4,10401 WEST THUNDERBIRD BOULEVARD,0.699
5053,12,Yes,0.699
8393,9,2098233111,0.699
1422,10,Acute Care Hospitals,0.699
5248,16,96%,0.699
7479,17,361 patients,0.699
8701,11,Voluntary non-profit - Private,0.699
8660,6,CA,0.699
6919,7,90012,0.699
5021,7,72833,0.699
2370,11,Proprietary,0.699
7702,6,CA,0.699
4265,12,No,0.699
4411,8,MARICOPA,0.699
8265,4,235 N HOOVER ST,0.699
2563,17,28 patients,0.699
9117,11,Voluntary non-profit - Church,0.699
8822,6,CA,0.699
4266,17,0 patients,0.699
1862,18,AL_PN-3B,0.698
9656,11,Voluntary non-profit - Other,0.698
1282,12,No,0.698
1042,10,Acute Care Hospitals,0.698
1456,12,Yes,0.698
7858,11,Voluntary non-profit - Church,0.698
6202,6,AR,0.698
8496,16,98%,0.698
4751,8,NAVAJO,0.698
4760,7,86047,0.698
4768,6,AZ,0.698
5748,3,PIKE COUNTY HOSPITAL,0.698
4706,12,Yes,0.698
5438,7,71701,0.698
3389,11,Voluntary non-profit - Other,0.698
5638,16,100%,0.698
6557,8,DESHA,0.698
3515,5,SUN CITY,0.697
4838,3,COBRE VALLEY COMMUNITY HOSPITAL,0.697
4816,6,AZ,0.697
5510,6,AR,0.697
211,17,89 patients,0.697
5849,12,Yes,0.697
2624,13,Pneumonia,0.697
5824,8,UNION,0.697
126,11,Government - Federal,0.697
4422,17,73 patients,0.697
9334,7,94062,0.697
3923,7,85206,0.697
5483,8,SEBASTIAN,0.697
6204,3,CROSSRIDGE COMMUNITY HOSPITAL,0.697
4340,15,surgery patients whose preventive antibiotics were stopped at the right time (within 24 hours after surgery),0.696
3689,17,232 patients,0.696
6371,18,AR_AMI-3,0.696
4265,16,96%,0.696
3089,17,871 patients,0.696
1092,17,419 patients,0.696
4826,3,COBRE VALLEY COMMUNITY HOSPITAL,0.696
2330,10,Acute Care Hospitals,0.696
6019,3,ARKANSAS HEART HOSPITAL,0.696
3901,10,Acute Care Hospitals,0.696
844,16,81%,0.696
2847,12,Yes,0.696
3659,10,Acute Care Hospitals,0.696
3619,11,Voluntary non-profit - Other,0.696
5455,12,Yes,0.696
8698,7,94954,0.695
5466,9,8703672411,0.695
8735,10,Acute Care Hospitals,0.695
5604,18,AR_SCIP-INF-2,0.695
3983,9,6238795574,0.695
8168,13,Pneumonia,0.694
4826,11,Proprietary,0.694
2860,8,KETCHIKAN GATEWAY,0.694
8788,4,200 WEST ARBOR DRIVE,0.694
5015,5,DANVILLE,0.694
9502,3,FEATHER RIVER HOSPITAL,0.694
5213,10,Acute Care Hospitals,0.694
844,13,Pneumonia,0.694
2609,9,9077468600,0.694
4437,3,BANNER GATEWAY MEDICAL CENTER,0.693
1601,9,2519282375,0.693
3811,10,Acute Care Hospitals,0.693
2765,13,Surgical Infection Prevention,0.693
9522,3,FEATHER RIVER HOSPITAL,0.693
690,5,BIRMINGHAM,0.693
5291,4,2302 COLLEGE AVENUE,0.693
8499,17,92 patients,0.692
3839,17,189 patients,0.692
9906,8,FRESNO,0.692
1550,11,Government - State,0.692
1318,17,121 patients,0.692
2086,10,Acute Care Hospitals,0.692
1396,17,137 patients,0.692
3726,5,TUBA CITY,0.692
3663,7,85546,0.691
489,7,36360,0.691
4738,7,86505,0.691
8393,7,95336,0.691
4008,5,SUN CITY WEST,0.691
8854,5,GRASS VALLEY,0.691
691,12,Yes,0.691
139,4,101 HOSPITAL CIRCLE,0.691
9969,8,LOS ANGELES,0.69
1844,3,MEDICAL WEST; AN AFFILIATE OF UAB HEALTH SYSTEM,0.69
3428,17,68 patients,0.69
5197,2,40020,0.69
9806,2,31300,0.69
4975,17,147 patients,0.689
4675,6,AZ,0.689
8265,18,CA_HF-3,0.689
3711,16,100%,0.689
9541,10,Acute Care Hospitals,0.688
8914,9,4089472500,0.688
8319,17,19 patients,0.688
3419,9,3348583287,0.688
8987,8,SAN JOAQUIN,0.688
5673,10,Acute Care Hospitals,0.688
8303,6,CA,0.687
1042,9,7147741450,0.687
8830,2,30055,0.685
3670,4,1205 E NORTH ST,0.685
9918,6,CA,0.685
1920,2,10125,0.685
6819,5,SAINT HELENA,0.684
8273,9,2053874000,0.684
8871,15,all heart surgery patients whose blood sugar (blood glucose) is kept under good control in the days right after surgery,0.684
1306,9,7076511000,0.684
4324,4,5201 NORTH SHORE DRIVE,0.683
4738,10,Critical Access Hospitals,0.683
1107,9,8705637000,0.683
9500,2,50072,0.683
1974,9,5594503000,0.682
3028,2,50211,0.682
5946,12,Yes,0.682
9574,2,50228,0.682
3794,12,Yes,0.682
2086,9,8314627700,0.681
9541,4,105 HIGHWAY 80 EAST,0.681
1675,14,SCIP-INF-3,0.681
8830,9,9287376000,0.681
5638,2,40072,0.68
9913,4,200 MISSION BLVD,0.68
257,7,91406,0.68
8490,2,30078,0.68
303,9,8702263731,0.68
3659,4,1720 E CESAR AVENUE,0.68
4587,4,1100 EAST POPLAR STREET,0.679
5761,7,35901,0.679
4331,4,1000 TRANCAS ST,0.679
8403,9,9282894691,0.678
9356,2,10047,0.678
4975,9,4158332646,0.678
5291,9,2053874000,0.678
8856,2,30117,0.677
9727,2,10091,0.677
1998,9,4152091300,0.677
211,9,8707351500,0.677
2624,7,71958,0.677
8701,2,50084,0.677
3625,17,10 patients,0.677
51,9,2059303200,0.677
977,9,8183641555,0.677
3112,7,72560,0.677
3512,7,36089,0.677
6921,9,2099445550,0.677
2868,2,50002,0.677
1042,6,CA,0.677
2204,9,5302746000,0.676
3354,4,1800 BYPASS ROAD,0.676
7004,9,8702397000,0.676
2609,7,93930,0.676
3776,4,4445 MAGNOLIA AVENUE,0.676
750,9,3108256301,0.676
1499,9,3342448330,0.676
3515,9,9164534545,0.676
3515,9,6619484781,0.676
5065,9,9286845421,0.676
5021,9,2567736511,0.676
750,9,2514151000,0.676
9502,9,9072624404,0.675
4567,4,209 NORTH MAIN STREET,0.675
5050,9,5594503000,0.675
4760,4,EAST MAIN AND SOUTH 20TH STREETS,0.675
6221,2,30089,0.675
7376,2,11300,0.675
5887,2,50030,0.675
398,7,36037,0.675
6845,9,2059334515,0.675
5185,2,30118,0.675
8713,9,3347323456,0.675
5947,4,1200 EL CAMINO REAL,0.675
3471,7,86045,0.675
3202,4,2500 HIGHWAY 65 SOUTH,0.674
831,14,PN-2,0.674
9531,2,40069,0.674
5023,9,8705844111,0.674
8051,9,8702383300,0.674
8687,9,5594503000,0.674
9225,2,10051,0.674
9103,2,50195,0.674
3917,2,01021F,0.674
7458,9,2514151000,0.674
9028,2,31300,0.674
8432,2,10045,0.674
9334,9,8709727000,0.674
7267,9,4158332646,0.674
1936,14,CAC-2,0.674
7470,9,9072255171,0.673
7529,9,9072613675,0.673
8665,9,8705417100,0.673
6316,9,8706733511,0.673
5613,2,30074,0.673
6697,2,10164,0.673
9563,4,1551 EAST TANGERINE ROAD,0.673
11,7,92123,0.673
7552,9,8703824303,0.673
6876,2,10114,0.673
398,9,5016241281,0.672
3670,2,10097,0.672
2868,7,35404,0.672
3784,4,101 CRESTVIEW AVENUE,0.672
3619,4,300 EAST PICKENS,0.672
5712,2,30068,0.672
8686,9,8702263731,0.672
864,9,5017488000,0.672
8684,9,9079662411,0.672
4832,4,8000 ALABAMA HIGHWAY 69,0.672
9502,2,10069,0.672
9028,9,4156006000,0.672
4551,4,29 L V STABLER DRIVE,0.672
2796,2,10061,0.672
3303,4,1600 N ROSE AVE,0.672
7352,9,5207429000,0.672
8962,9,3345674311,0.672
7141,9,2519282375,0.672
9190,9,9098876333,0.672
2922,2,41330,0.672
8378,9,9282894691,0.672
9626,2,10047,0.672
5359,2,40050,0.672
7874,9,2133827252,0.672
3943,2,50116,0.672
8549,9,8709463571,0.672
2518,9,7072524411,0.671
5287,9,2059264881,0.671
7595,9,8704144000,0.671
5585,2,20008,0.671
7973,4,900 SOUTH THIRD STREET,0.671
9600,2,10029,0.671
8987,9,9282894691,0.671
6770,9,8704144000,0.671
2518,14,SCIP-INF-6,0.671
3191,4,400 N MCDOWELL BLVD,0.671
8665,2,10058,0.671
3160,7,72110,0.671
1227,5,CAMDEN,0.671
6075,9,2057833800,0.671
7644,2,10099,0.671
133,9,9072613675,0.671
941,9,2053925263,0.671
9750,2,50152,0.671
2989,4,1600 W AVE J,0.671
3322,4,150 GILBREATH DRIVE,0.671
940,9,9287572101,0.67
7973,2,50046,0.67
3772,2,40036,0.67
516,9,6238821500,0.67
288,9,2563542131,0.67
6774,2,50127,0.67
8671,9,2563572111,0.67
36,14,PN-3B,0.67
9440,9,2059216200,0.67
3057,2,50073,0.67
3552,4,1800 BYPASS ROAD,0.67
8892,9,9074528181,0.67
2580,4,880 WEST MAIN,0.67
8499,9,5266980811,0.67
1544,9,8702853182,0.67
3780,4,2001 SOUTH MAIN STREET,0.67
2330,9,4803212000,0.67
417,7,85602,0.67
5953,4,#4 HOSPITAL DRIVE,0.67
9193,7,93230,0.67
8362,2,10110,0.67
7488,9,2568823100,0.67
182,7,85390,0.67
8676,2,10015,0.67
1513,9,8702397000,0.67
2023,9,9164534545,0.67
8761,9,4797545454,0.67
3057,4,400 W MINERAL KING AVE,0.67
8356,2,50008,0.67
9589,9,2059397000,0.67
2279,9,4793388000,0.669
974,14,AMI-4,0.669
8955,2,10148,0.669
899,9,4158332646,0.669
4198,2,30121,0.669
7103,9,2562358900,0.669
2279,9,8705637000,0.669
9606,2,50139,0.669
290,7,92056,0.669
3303,2,10104,0.669
2677,7,92804,0.669
8496,9,2569275531,0.669
6374,2,50145,0.669
2348,9,3237834011,0.669
3096,2,10022,0.669
9115,9,9286845421,0.669
3139,9,8702610000,0.669
4719,4,475 SOUTH DOBSON ROAD,0.669
8869,9,5266980811,0.669
7365,9,6507423200,0.669
6745,9,9284253261,0.669
7139,9,9284253261,0.669
6333,7,91436,0.669
5311,2,50173,0.669
210,9,8184098202,0.669
3663,4,2302 COLLEGE AVENUE,0.669
9547,4,124 S MEMORIAL DR,0.669
4558,14,PN-6,0.669
3933,4,2805 DR JOHN HAYNES DRIVE,0.669
7139,9,2136248411,0.669
2729,7,72143,0.669
8307,9,8184098202,0.669
9937,9,8705983881,0.668
6706,9,7142204533,0.668
1567,9,8703672411,0.668
7863,9,5013211000,0.668
6905,9,6238795574,0.668
4640,9,4808824000,0.668
6070,2,50136,0.668
5455,4,1912 ALABAMA HIGHWAY 157,0.668
6487,4,372 W CYPRESS AVE,0.668
7479,9,5015202000,0.668
3944,2,50205,0.668
2726,7,72601,0.668
2008,9,3108256301,0.668
5419,4,1911 JOHNSON AVE,0.668
9578,2,40069,0.668
8650,9,3108256301,0.668
8854,9,8059882500,0.668
4904,2,50056,0.668
1743,9,4158332646,0.668
147,9,8185021900,0.668
2922,4,102 WEST CONECUH AVENUE,0.668
7109,2,10023,0.668
5614,2,40152,0.668
290,9,6239777211,0.668
2922,7,90255,0.668
7530,9,3237834011,0.668
1034,9,2059264881,0.668
3398,4,3050 TWIN RIVERS DRIVE,0.668
6681,7,36652,0.668
6016,2,50194,0.668
5046,9,5302746000,0.668
1005,9,5203275461,0.668
1034,9,8705637000,0.668
4738,4,EAST MAIN AND SOUTH 20TH STREETS,0.668
3254,9,9494997193,0.668
3522,9,9098876333,0.668
9193,9,3346887271,0.668
5311,9,6028706060,0.668
7483,9,6022392000,0.668
2167,9,5205862261,0.667
3683,4,531 W COLLEGE ST,0.667
954,9,9287572101,0.667
9629,2,30023,0.667
1266,9,6503675551,0.667
8829,2,50058,0.667
9154,2,10005,0.667
1456,9,4795717002,0.667
4657,7,35640,0.667
3647,2,40152,0.667
6841,9,2514151000,0.667
4384,4,1600 W AVE J,0.667
8862,9,6263350231,0.667
6088,9,4808983333,0.667
3770,2,50167,0.667
1732,9,3347938701,0.667
966,9,2059344011,0.667
7854,9,8705637000,0.667
966,9,9094275500,0.667
5218,9,8702397000,0.667
9154,2,30033,0.667
6184,9,5013374911,0.667
7702,2,50238,0.667
2814,4,1256 MILITARY STREET SOUTH,0.667
7998,2,31311,0.667
2370,9,5208733000,0.667
3481,9,6239777211,0.667
8165,9,8702353000,0.667
271,7,36854,0.667
862,9,5015527100,0.667
258,9,8702263731,0.667
2973,4,1800 BYPASS ROAD,0.667
2609,2,40080,0.667
9117,9,3232685000,0.667
3355,2,40041,0.667
8051,7,35661,0.667
887,9,9286845421,0.667
6145,2,30078,0.667
1787,9,9282832501,0.667
954,16,,0.667
151,9,8702452622,0.667
1558,14,SCIP-INF-6,0.667
7998,2,10066,0.667
9629,2,10005,0.667
8254,9,7074438051,0.667
8296,9,8313856000,0.667
3466,9,4808824000,0.667
2563,9,9079662411,0.667
4222,2,40039,0.667
1844,5,WRANGELL,0.667
5218,9,2137482411,0.667
3451,4,HIGHWAY 10 AT DETROIT STREET,0.667
5789,2,10113,0.667
4869,4,995 9TH AVENUE SOUTHWEST,0.667
9579,2,50115,0.667
8014,9,2565718000,0.667
9099,9,7607248411,0.667
3770,4,1910 MALVERN AVENUE,0.666
3734,4,3400 HIGHWAY 78 EAST,0.666
6398,2,30094,0.666
8206,2,30014,0.666
8241,9,8702452622,0.666
2411,9,4805432000,0.666
502,14,CAC-3,0.666
5940,4,900 HYDE ST,0.666
1573,9,7145375160,0.666
9546,4,59928 HIGHWAY 22   P O BOX 670,0.666
7338,9,4797545454,0.666
1615,9,6022490212,0.666
9969,9,6619484781,0.666
436,7,72454,0.666
2372,9,7072524411,0.666
4191,4,2400 EAST FOURTH STREET,0.666
107,9,8705844111,0.666
9198,9,8705417100,0.666
8274,9,5202944471,0.666
5706,4,209 NORTH MAIN STREET,0.666
126,9,2059303200,0.666
1434,9,8589393400,0.666
3283,2,40078,0.666
8871,9,8056402280,0.666
1280,9,4157754321,0.666
2693,2,40147,0.666
8731,9,2053678111,0.666
4832,2,50102,0.666
8287,2,50152,0.666
4434,4,1341 WEST SIXTH STREET,0.666
4751,2,50079,0.666
2361,9,9075436300,0.666
3599,4,200 MED CENTER DRIVE,0.666
5761,2,10035,0.666
1021,9,2053874000,0.666
2753,7,86403,0.666
7552,2,50073,0.666
9453,2,50009,0.666
4368,4,975 SERENO DR,0.666
2796,4,1010 LAY DAM ROAD,0.666
3111,9,2099445550,0.666
901,9,6613994461,0.666
7552,2,10012,0.666
3998,9,7607248411,0.666
8171,9,9284743222,0.666
8840,9,3342448330,0.666
4205,4,1911 JOHNSON AVE,0.666
8876,2,40017,0.666
5966,2,30088,0.666
2635,2,50136,0.666
6681,9,9094275500,0.666
40,7,92868,0.666
7165,9,5206940111,0.665
2418,9,9284454860,0.665
6429,9,6024063000,0.665
1922,9,5205862261,0.665
3047,4,27200 CALAROGA AVE,0.665
5814,2,50189,0.665
3983,4,2710 RIFE MEDICAL LANE,0.665
2980,4,315 E 13TH ST,0.665
1107,5,OAKDALE,0.665
176,9,6195025800,0.665
4193,4,7400 EAST OSBORN ROAD,0.665
3711,4,215 PERRY HILL ROAD,0.665
2591,7,85643,0.665
4478,4,1425 S MAIN ST,0.665
1396,9,5308779361,0.665
1097,9,2568823100,0.665
7230,9,6194650711,0.665
662,9,3103194000,0.665
5308,9,6238485000,0.665
9718,9,2058383122,0.665
6429,9,2567824538,0.665
638,9,5208723000,0.665
233,9,2563542131,0.665
139,7,91767,0.665
6746,9,8703824303,0.665
3355,4,2400 EAST FOURTH STREET,0.665
6036,9,4807288327,0.665
1936,9,2513682500,0.665
2815,4,5555 GROSSMONT CENTER DRIVE BOX 58,0.665
1624,9,5202944471,0.665
8278,9,5106674510,0.665
290,14,PN-4,0.665
8491,9,7142204533,0.665
2827,7,72503,0.665
3014,7,93710,0.665
1371,9,5205862261,0.665
3200,4,420 34TH ST BOX 1888,0.665
5946,4,215 PERRY HILL ROAD,0.665
5585,4,800 MONTCLAIR RD,0.665
9329,2,30121,0.665
3747,9,5308779361,0.665
1887,9,6027956020,0.665
7051,9,2563569532,0.665
6723,2,10022,0.665
7501,2,50113,0.665
9253,2,10164,0.665
861,9,8705238911,0.665
1396,9,8708361000,0.665
1956,9,2059757100,0.665
7602,4,1100 W STEWART DR,0.665
8174,9,4808983333,0.665
8202,9,4156006000,0.665
5154,2,10039,0.665
7602,4,211 HOSPITAL ROAD,0.665
5671,9,8708861200,0.665
1126,9,8187907100,0.665
1005,14,HF-2,0.665
7857,9,5209013500,0.665
1396,9,8702853182,0.665
7602,4,13855 E 14TH STREET,0.665
1920,9,8702383300,0.665
7241,9,6194650711,0.665
9227,2,50225,0.665
8490,9,5206291821,0.665
31,7,36426,0.665
1738,9,4158332646,0.665
8303,9,8189955000,0.664
3936,4,1531 ESPLANADE,0.664
419,9,8709463571,0.664
8640,9,2565718000,0.664
2567,9,9283334368,0.664
5912,2,10145,0.664
6549,2,10069,0.664
648,9,9282832501,0.664
648,9,5209013500,0.664
4562,4,400 W MINERAL KING AVE,0.664
7672,2,50118,0.664
8890,9,4806039000,0.664
741,9,6022518156,0.664
8731,2,41307,0.664
8731,2,50111,0.664
2215,9,5019857000,0.664
2104,5,OAKDALE,0.664
741,9,2562651000,0.664
2699,7,94110,0.664
1152,9,3342448330,0.664
2847,2,50009,0.664
6969,9,3342604100,0.664
4008,9,6027956020,0.664
648,9,6022490212,0.664
1017,9,4806039000,0.664
8860,9,9284253261,0.664
3619,2,40010,0.664
2732,7,35209,0.664
233,7,95901,0.664
6534,9,8057393000,0.664
7751,2,50136,0.664
3300,4,5974 PENTZ ROAD,0.664
9464,9,6195025800,0.664
1476,9,5015523000,0.664
4675,9,2055921000,0.664
7352,2,40142,0.664
9195,9,5592285338,0.664
4951,9,9287882273,0.664
4292,4,500 W HOSPITAL ROAD,0.663
3428,4,1551 EAST TANGERINE ROAD,0.663
823,9,5208733000,0.663
6025,9,9072613675,0.663
4697,9,8055435353,0.663
9960,9,9283334368,0.663
1388,9,8709724100,0.663
1721,9,8183641555,0.663
2568,9,5013211000,0.663
2537,14,SCIP-INF-1,0.663
9656,2,30108,0.663
4192,4,59928 HIGHWAY 22   P O BOX 670,0.663
107,7,91209,0.663
9031,9,2055921000,0.663
3400,4,1306 MARICOPA HWY,0.663
2947,2,10049,0.663
9453,9,2053874000,0.663
2105,9,8702383300,0.663
3112,9,6194704321,0.663
5287,2,50193,0.663
8265,9,4793388000,0.663
9031,2,40088,0.663
1624,5,NEWPORT,0.663
1624,5,LAKE HAVASU CITY,0.663
3772,4,400 N EDWARDS STREET,0.663
6345,2,10032,0.663
185,9,6238485000,0.663
5812,2,50169,0.663
8267,9,8189023906,0.663
2410,9,8703385800,0.663
1721,9,4797515711,0.663
4866,4,1165 MONTGOMERY DR,0.663
9448,9,6022518156,0.663
5330,9,4152091300,0.663
3389,4,225 N JACKSON AVENUE,0.663
6087,9,6238485000,0.663
5330,9,8705844111,0.663
8362,9,5012023000,0.663
7336,9,7145375160,0.663
1594,9,8708361000,0.663
2985,4,130 MEDICAL CIRCLE,0.663
1282,14,PN-4,0.663
3048,4,1001 SCHNEIDER DRIVE,0.663
176,7,86426,0.663
890,9,8185021900,0.663
944,9,9287732009,0.663
1318,9,2563572111,0.663
2817,7,95476,0.663
1709,9,5592285338,0.663
664,9,5014414000,0.663
107,7,92503,0.663
9795,9,6506965270,0.662
1163,9,8707772323,0.662
4826,4,PO BOX 548,0.662
8835,9,8708361000,0.662
2023,14,SCIP-INF-6,0.662
2335,9,6029235000,0.662
5466,4,311 NORTH MORROW STREET,0.662
6832,9,8317244741,0.662
7134,2,50076,0.662
456,9,8703526300,0.662
3775,4,350 S OAK AVE,0.662
4751,4,2105 EAST SOUTH BOULEVARD,0.662
638,14,AMI-5,0.662
8741,9,5016241281,0.662
979,9,2053678111,0.662
3724,4,1720 E CESAR AVENUE,0.662
6762,9,4797545454,0.662
139,9,9284452700,0.662
7969,9,8702225600,0.662
133,14,HF-2,0.662
4718,4,1330 HIGHWAY 231 SOUTH,0.662
9350,2,10044,0.662
436,14,PN-7,0.662
1175,9,9283484000,0.662
1927,9,5015523000,0.662
6499,2,30089,0.662
8929,2,40018,0.662
9399,9,9075632662,0.662
430,9,2562495000,0.662
4250,2,10010,0.662
6499,2,50243,0.662
8963,9,2567824538,0.662
4778,2,50205,0.662
944,14,AMI-2,0.662
9682,9,7607393000,0.662
430,7,72927,0.662
8660,2,40072,0.662
8660,2,30033,0.662
7265,2,40142,0.662
3057,7,95501,0.662
6426,9,2059264881,0.662
5708,4,101 HOSPITAL CIRCLE,0.662
430,7,90033,0.662
1997,9,5596242000,0.662
7265,2,40119,0.662
4796,9,9077468600,0.662
5145,9,6619484781,0.662
3186,4,1815 HAND AVENUE,0.662
3667,4,1000 FIRST STREET NORTH,0.661
7934,9,6619484781,0.661
4603,2,01021F,0.661
3028,9,2563864556,0.661
2247,14,SCIP-INF-4,0.661
4377,4,750 MORPHY AVENUE,0.661
9378,2,10091,0.661
7838,9,5016241281,0.661
5811,2,50038,0.661
3674,4,TWO ST VINCENT CIRCLE,0.661
6538,9,6194704321,0.661
9510,9,8702621200,0.661
2693,7,72401,0.661
7044,9,9072624404,0.661
4981,2,41323,0.661
4768,4,1613 NORTH MCKENZIE STREET,0.661
530,9,2563569532,0.661
6538,9,2563569532,0.661
2522,9,5596242000,0.661
1049,14,HF-1,0.661
2677,14,HF-4,0.661
6070,9,5624919000,0.661
9965,9,3237834011,0.661
257,9,6263350231,0.661
9292,9,6194704321,0.661
911,9,6022392000,0.661
9583,9,3237834011,0.661
1025,9,2053874000,0.661
530,9,6022392000,0.661
7615,9,8708387300,0.661
4683,9,4794952241,0.661
1558,9,5012023000,0.661
1207,9,2514151000,0.661
3387,7,36092,0.661
1673,9,2565718000,0.661
3040,4,2805 DR JOHN HAYNES DRIVE,0.661
4683,9,8709463571,0.661
9583,9,8702383300,0.661
9386,9,5107521000,0.661
3348,4,201 WEST AVALON AVENUE,0.661
9918,4,211 HOSPITAL ROAD,0.661
2448,14,SCIP-INF-3,0.661
2779,14,CAC-2,0.661
9378,2,10157,0.661
1998,18,CA_HF-2,0.661
4919,9,2059397000,0.661
1821,9,8314627700,0.66
2725,14,SCIP-INF-2,0.66
5616,2,40062,0.66
3856,4,2805 DR JOHN HAYNES DRIVE,0.66
8426,9,4158332646,0.66
3117,9,2058383122,0.66
36,9,3347938701,0.66
3117,9,2053925263,0.66
661,9,5014414000,0.66
4838,4,2767 OLIVE HIGHWAY,0.66
3625,4,13677 WEST MCDOWELL ROAD,0.66
2428,9,9517692101,0.66
3428,2,10085,0.66
2861,14,PN-5C,0.66
1049,9,2058771000,0.66
9050,4,1530 U S HIGHWAY 43,0.66
3625,4,220 HOSPITAL DRIVE,0.66
3660,4,29 L V STABLER DRIVE,0.66
974,9,2059264881,0.66
1282,9,9286747040,0.66
3387,4,4002 VISTA WAY,0.66
4567,14,AMI-2,0.66
8513,2,40088,0.66
2458,9,4158332646,0.66
1282,9,9283334368,0.66
69,9,8702853182,0.66
1723,9,2562651000,0.66
2313,9,9284452700,0.66
419,7,35801,0.66
4816,9,5014414000,0.66
7104,9,8702263731,0.66
419,7,72901,0.66
7777,2,10099,0.66
327,9,8702263731,0.66
7007,9,6613994461,0.66
9531,4,975 SERENO DR,0.66
7175,9,4803233000,0.66
5335,2,30033,0.66
2725,7,71653,0.66
9928,9,2059344011,0.66
7139,2,50113,0.66
3238,4,2767 OLIVE HIGHWAY,0.66
3824,4,4867 SUNSET BLVD,0.66
3707,4,1010 LAY DAM ROAD,0.66
8894,9,8589393400,0.66
3236,4,102 WEST CONECUH AVENUE,0.66
430,14,PN-4,0.66
419,7,86314,0.66
1005,5,BOONEVILLE,0.659
3471,9,6025321000,0.659
8270,9,9098659500,0.659
947,9,9167338999,0.659
7267,2,10052,0.659
947,9,9095801000,0.659
7548,2,31315,0.659
1005,5,CHANDLER,0.659
3249,4,1911 JOHNSON AVE,0.659
489,9,5207429000,0.659
9192,9,5012571000,0.659
2567,6,AZ,0.659
648,6,AZ,0.659
7548,2,40042,0.659
7874,2,50149,0.659
3249,4,101 SIVLEY RD,0.659
489,9,5017766000,0.659
2729,14,SCIP-INF-2,0.659
3247,4,209 NORTH MAIN STREET,0.659
4657,9,5209013500,0.659
1005,5,FONTANA,0.659
8977,9,2567372000,0.659
3254,7,85603,0.659
8698,9,8183641555,0.659
926,9,5303327300,0.659
7552,7,35957,0.659
9906,4,10 WOODLAND ROAD,0.659
7552,7,94578,0.659
9522,9,8185021900,0.659
9522,9,3347382140,0.659
3281,4,450 GREENFIELD AVE,0.659
662,14,PN-4,0.659
1759,6,AZ,0.659
5774,9,5207429000,0.659
7998,18,AZ_CAC-1,0.659
288,5,BAY MINETTE,0.659
2905,7,72455,0.659
1021,14,PN-5C,0.659
4672,9,7074438051,0.659
4672,9,6024063000,0.659
7948,2,10109,0.659
4659,9,3103194000,0.659
7496,2,40007,0.659
7496,2,40147,0.659
2905,7,72476,0.659
8270,9,2137482411,0.659
4743,4,5555 WEST THUNDERBIRD ROAD,0.659
7900,2,50058,0.659
1885,9,9287298000,0.659
4340,4,380 WOODS COVE ROAD,0.658
3657,4,2000 PEPPERELL PARKWAY,0.658
3850,4,2001 SOUTH MAIN STREET,0.658
3850,4,1653 TEMPLE AVENUE NORTH,0.658
9916,4,347 ANDRIEUX ST,0.658
8011,9,8059882500,0.658
2036,14,SCIP-INF-4,0.658
4558,4,2000 MOWRY AVE,0.658
3351,4,1200 W MAPLE AVENUE,0.658
9461,9,7607248411,0.658
9916,4,9333 IMPERIAL HIGHWAY,0.658
182,14,CAC-1,0.658
3036,9,8702397000,0.658
2167,14,SCIP-INF-4,0.658
3351,4,757 WESTWOOD PLAZA,0.658
1227,9,9098876333,0.658
3254,2,50167,0.658
6288,16,,0.658
7858,9,9072613675,0.658
4183,4,130 MEDICAL CIRCLE,0.658
4593,4,250 PROSPECT PLACE,0.658
1182,14,AMI-4,0.658
6553,6,AR,0.658
4960,2,10103,0.658
40,4,150 GILBREATH DRIVE,0.658
583,9,6025461959,0.658
4960,2,50133,0.658
2189,9,9517883000,0.658
2788,7,93463,0.658
4593,4,27200 CALAROGA AVE,0.658
1573,14,SCIP-CARD-2,0.658
2779,7,95901,0.658
9056,4,200 MISSION BLVD,0.658
3232,4,2302 COLLEGE AVENUE,0.658
399,9,5012571000,0.658
8718,9,2055921000,0.658
2779,7,35447,0.658
690,14,SCIP-INF-1,0.658
51,7,35010,0.658
9664,9,2567372000,0.658
9664,9,9284743222,0.658
1276,9,8589393400,0.658
40,4,102 WEST CONECUH AVENUE,0.658
7858,9,5019857000,0.658
4624,9,8702452622,0.658
40,4,401 MEDICAL PARK DRIVE,0.658
4960,2,10139,0.658
9664,9,8702383300,0.658
6475,2,41314,0.658
1276,9,4797545454,0.658
3689,4,515 MIRANDA ST,0.658
8621,9,9282832501,0.657
516,14,SCIP-INF-6,0.657
3989,4,15155 HIGHWAY 43,0.657
2527,9,5303327300,0.657
218,14,AMI-5,0.657
9920,4,27200 CALAROGA AVE,0.657
1118,14,SCIP-INF-3,0.657
4258,16,,0.657
69,14,PN-2,0.657
1271,9,5012197000,0.657
4198,9,6022518156,0.657
1163,6,AR,0.657
7068,7,72042,0.657
367,9,8316245311,0.657
2008,14,PN-7,0.657
150,6,AZ,0.657
3726,4,6644 EAST BAYWOOD AVENUE,0.657
5521,9,8059882500,0.656
530,14,PN-5C,0.656
1260,14,PN-5C,0.656
9642,9,8705983881,0.656
271,9,3342894000,0.656
3036,7,85032,0.656
6403,6,AR,0.656
172,7,95901,0.656
25,9,5208733000,0.656
1971,14,HF-2,0.656
25,9,9098814440,0.656
1971,14,CAC-2,0.656
2392,14,AMI-7A,0.656
691,6,CA,0.656
2294,9,2053678111,0.656
3146,7,86040,0.656
2361,14,SCIP-CARD-2,0.656
2594,14,AMI-1,0.656
1887,14,SCIP-INF-1,0.656
831,9,6507423200,0.656
172,7,35125,0.656
5824,6,CA,0.656
5770,9,8702694361,0.656
1862,9,9287572101,0.656
9072,4,600 SOUTH THIRD STREET,0.656
2348,14,PN-5C,0.656
3036,7,72315,0.656
861,6,AZ,0.655
1721,14,PN-5C,0.655
2568,14,PN-6,0.655
2477,14,HF-1,0.655
1280,14,CAC-2,0.655
2215,14,SCIP-VTE-1,0.655
2459,14,SCIP-INF-3,0.655
417,14,HF-3,0.655
4616,9,8709463571,0.655
9216,9,8317244741,0.655
9216,9,9282832501,0.655
202,14,AMI-2,0.655
31,4,9333 IMPERIAL HIGHWAY,0.655
9629,9,2137482411,0.655
2563,14,SCIP-INF-1,0.655
1227,14,PN-5C,0.655
1276,14,PN-6,0.655
182,9,9074528181,0.655
2011,14,PN-6,0.655
9574,4,1300 N VERMONT AVE,0.655
2413,14,CAC-3,0.654
779,14,SCIP-VTE-2,0.654
1709,14,AMI-5,0.654
1550,6,AZ,0.654
2527,14,SCIP-INF-2,0.654
2477,9,4082595000,0.654
257,14,SCIP-INF-4,0.654
966,14,AMI-4,0.653
303,14,SCIP-VTE-2,0.653
1493,14,SCIP-VTE-1,0.653
1300,14,HF-4,0.653
648,14,SCIP-VTE-1,0.653
1271,14,CAC-2,0.653
2398,14,SCIP-INF-3,0.653
2567,14,PN-4,0.653
1567,14,AMI-8A,0.653
2765,14,HF-3,0.653
1821,14,AMI-5,0.653
1601,14,CAC-1,0.653
2411,14,CAC-1,0.653
1539,14,AMI-7A,0.652
8660,9,2059344011,0.652
9916,14,SCIP-VTE-2,0.652
8660,9,6024063000,0.652
2542,14,SCIP-VTE-1,0.652
1711,14,PN-2,0.652
6345,17,,0.652
2086,14,PN-6,0.652
2313,14,AMI-4,0.652
1152,14,SCIP-INF-4,0.652
2522,14,AMI-8A,0.652
8660,9,8703526300,0.652
2204,6,AK,0.651
4539,14,SCIP-VTE-2,0.651
327,14,SCIP-INF-1,0.651
107,14,PN-5C,0.651
966,6,AL,0.651
1175,14,SCIP-CARD-2,0.651
2394,14,HF-1,0.651
1097,14,CAC-2,0.651
6476,6,AK,0.651
1034,14,SCIP-INF-6,0.651
1920,6,AR,0.651
864,14,CAC-3,0.651
288,14,HF-3,0.651
1615,6,AZ,0.651
1104,14,PN-2,0.651
926,14,AMI-3,0.65
233,14,SCIP-INF-4,0.65
2177,14,SCIP-VTE-1,0.65
2086,6,CA,0.65
1781,14,AMI-5,0.65
1499,14,PN-6,0.65
1306,14,PN-3B,0.65
2502,16,,0.65
1673,6,AZ,0.65
2278,14,CAC-1,0.65
1624,14,PN-3B,0.65
2732,14,CAC-2,0.65
939,6,AK,0.65
2693,17,,0.65
6512,6,AK,0.649
400,14,SCIP-VTE-2,0.649
456,14,CAC-3,0.649
979,14,HF-2,0.649
979,14,PN-6,0.649
1025,14,CAC-2,0.649
1934,14,AMI-5,0.649
1723,14,SCIP-VTE-2,0.649
661,6,AR,0.649
1422,14,SCIP-VTE-2,0.649
1885,6,AZ,0.649
6059,6,AZ,0.649
2330,6,AR,0.649
1017,14,PN-5C,0.649
211,14,PN-7,0.649
1207,14,SCIP-INF-4,0.649
750,6,AR,0.648
583,14,PN-4,0.648
4796,16,,0.648
2814,14,CAC-2,0.648
2753,14,PN-3B,0.648
1998,14,PN-3B,0.648
2372,6,AL,0.648
974,6,AZ,0.648
1544,14,CAC-2,0.648
954,6,AZ,0.647
2522,6,CA,0.647
2204,14,PN-7,0.647
31,14,HF-4,0.647
2278,16,,0.647
1107,14,SCIP-INF-4,0.647
2251,6,AR,0.647
947,14,PN-2,0.647
2458,14,PN-3B,0.647
1711,6,AL,0.647
2361,6,AR,0.647
771,14,PN-5C,0.647
2064,14,HF-4,0.647
662,6,AK,0.647
823,14,CAC-2,0.647
2370,14,SCIP-VTE-1,0.647
1476,14,HF-1,0.647
6295,16,,0.646
741,14,AMI-5,0.646
1615,14,HF-3,0.646
668,6,AZ,0.646
398,14,SCIP-INF-2,0.646
779,6,AL,0.645
1025,6,AL,0.645
5756,6,AL,0.645
3647,16,,0.645
735,6,AZ,0.645
2294,14,HF-2,0.645
1997,6,AR,0.645
2257,6,AR,0.645
185,14,PN-4,0.645
210,14,CAC-1,0.645
2335,14,SCIP-INF-3,0.645
1271,6,AZ,0.645
2084,14,SCIP-CARD-2,0.645
887,14,PN-6,0.645
887,14,AMI-8A,0.645
6514,16,,0.645
3726,16,,0.645
901,14,CAC-3,0.644
2459,6,AR,0.644
2392,6,CA,0.644
741,6,AK,0.644
6345,16,,0.644
1787,6,AZ,0.644
1709,6,AL,0.644
4538,14,HF-4,0.644
2862,14,AMI-1,0.644
1513,6,AZ,0.644
3481,16,,0.643
4706,17,,0.643
583,6,AR,0.643
6477,6,AL,0.643
530,6,AK,0.643
1235,6,AK,0.643
9918,17,,0.643
2457,6,AK,0.643
940,6,CA,0.643
218,6,AL,0.643
176,14,AMI-1,0.643
9887,16,,0.643
890,14,PN-5C,0.643
6075,17,,0.643
1107,6,AR,0.643
2502,6,AK,0.643
6307,6,AK,0.642
2294,6,AK,0.642
492,16,,0.642
1097,6,CA,0.642
1097,6,AR,0.642
954,14,SCIP-INF-3,0.642
2278,6,CA,0.642
2011,6,CA,0.642
1956,14,PN-7,0.641
926,6,AZ,0.641
899,14,AMI-2,0.641
2401,14,SCIP-INF-3,0.641
5554,6,AK,0.641
288,6,AR,0.641
1049,6,AR,0.641
2401,14,SCIP-CARD-2,0.641
288,6,AK,0.641
5814,6,AZ,0.641
1207,6,AL,0.641
5849,6,AL,0.641
1456,6,AZ,0.641
6499,6,AK,0.641
2563,6,AK,0.641
8630,16,,0.641
2568,6,CA,0.64
4672,17,,0.64
516,6,AZ,0.64
1558,6,AK,0.64
1092,14,SCIP-INF-1,0.64
6475,16,,0.64
940,14,SCIP-CARD-2,0.64
258,14,HF-3,0.64
1092,14,CAC-2,0.64
2428,6,CA,0.64
2247,6,CA,0.64
6393,17,,0.64
1862,6,CA,0.64
1787,14,AMI-5,0.64
1282,6,CA,0.64
2062,14,SCIP-CARD-2,0.64
4743,17,,0.64
2827,14,SCIP-CARD-2,0.639
2260,6,CA,0.639
7602,16,,0.639
2027,6,AR,0.639
456,6,AL,0.639
2784,14,SCIP-INF-6,0.639
5940,16,,0.639
2269,6,AZ,0.639
2784,14,SCIP-VTE-1,0.639
1998,6,AR,0.639
864,6,AR,0.638
8011,16,,0.638
7376,16,,0.638
864,6,CA,0.638
5455,6,AL,0.638
2418,6,AR,0.638
2084,17,,0.638
977,14,AMI-4,0.638
781,6,CA,0.638
5248,6,AL,0.638
133,6,AZ,0.638
5846,6,AR,0.638
398,16,,0.638
1934,6,AR,0.638
147,6,AZ,0.638
4869,17,,0.638
1781,6,CA,0.637
887,6,CA,0.637
1017,6,AK,0.637
1732,6,AK,0.637
4778,16,,0.636
1567,17,,0.636
5696,6,AZ,0.636
1594,6,CA,0.636
1476,6,AL,0.636
3515,16,,0.636
6212,16,,0.636
1821,6,AK,0.636
901,6,AL,0.635
211,6,AR,0.635
2413,6,AK,0.635
977,6,AZ,0.635
4603,17,,0.635
8640,16,,0.635
6555,6,AZ,0.635
2215,6,CA,0.635
258,6,AR,0.635
6398,6,AK,0.635
5851,6,AK,0.635
2522,16,,0.635
5851,6,CA,0.635
844,6,AZ,0.635
1276,6,AL,0.634
6002,6,AL,0.634
858,6,CA,0.634
6610,6,CA,0.634
1601,6,AZ,0.634
858,6,AZ,0.634
941,6,AK,0.634
6262,17,,0.634
6002,17,,0.634
2313,6,AK,0.634
1936,6,AR,0.634
3780,17,,0.634
1388,6,CA,0.634
1021,6,CA,0.634
977,16,,0.634
5555,6,CA,0.634
1434,6,AL,0.634
5687,6,AR,0.634
2410,6,AK,0.634
3784,17,,0.633
690,6,AL,0.633
858,16,,0.633
1476,16,,0.633
303,6,AL,0.633
4743,16,,0.633
2527,6,AR,0.633
303,17,,0.633
1493,6,AZ,0.632
9421,16,,0.632
5708,6,AZ,0.632
947,6,CA,0.632
979,6,AZ,0.632
6145,16,,0.632
9256,16,,0.632
4770,17,,0.632
1005,6,AR,0.632
2252,6,CA,0.632
2477,6,AL,0.632
1956,16,,0.632
1922,6,AR,0.632
6371,16,,0.631
6499,16,,0.631
150,16,,0.631
1781,16,,0.631
6589,6,AZ,0.631
1971,16,,0.631
6070,17,,0.631
5811,6,AK,0.631
1280,6,AL,0.631
1567,6,CA,0.631
1300,6,AZ,0.631
1927,6,AR,0.631
4593,16,,0.631
6360,17,,0.631
5706,6,AL,0.631
2401,16,,0.63
1817,6,CA,0.63
6393,16,,0.63
1472,6,AK,0.63
4672,16,,0.63
2796,16,,0.63
1318,6,AK,0.63
2401,6,AL,0.63
6485,6,CA,0.63
6070,16,,0.629
1675,16,,0.629
5425,17,,0.629
210,6,AZ,0.629
4657,16,,0.629
4183,17,,0.628
8462,16,,0.628
4718,16,,0.628
862,6,AK,0.628
6392,16,,0.628
823,6,AL,0.628
6557,6,AK,0.628
686,6,AL,0.628
638,6,AR,0.628
862,6,CA,0.628
1550,16,,0.628
8856,16,,0.627
2502,17,,0.627
2542,6,AL,0.627
954,17,,0.627
5748,6,CA,0.627
2105,16,,0.627
6212,17,,0.626
2189,6,AZ,0.626
6113,17,,0.626
4866,16,,0.626
3775,16,,0.626
3283,16,,0.626
8477,16,,0.626
4719,16,,0.626
4593,17,,0.626
2448,6,AR,0.626
2398,6,AL,0.626
3794,17,,0.625
1743,6,AR,0.625
9920,17,,0.625
2064,6,AK,0.625
6407,6,AZ,0.625
662,16,,0.625
837,6,AR,0.624
5558,6,AL,0.624
2075,17,,0.624
4657,17,,0.624
2868,16,,0.624
3747,16,,0.624
4778,17,,0.623
2023,16,,0.623
3770,17,,0.623
4624,17,,0.623
8555,16,,0.623
1126,17,,0.623
7699,17,,0.623
4191,16,,0.622
5438,16,,0.622
1126,16,,0.622
6288,17,,0.622
6403,16,,0.622
5756,17,,0.622
2036,6,AL,0.622
25,16,,0.622
6229,6,AR,0.622
6184,16,,0.621
5756,16,,0.621
661,17,,0.621
2458,16,,0.621
2862,16,,0.621
6398,16,,0.621
6262,16,,0.62
6221,6,AL,0.62
899,6,CA,0.62
303,16,,0.62
7777,16,,0.62
7139,16,,0.619
2477,17,,0.619
9894,16,,0.619
4768,16,,0.619
4697,16,,0.619
5425,16,,0.619
648,16,,0.619
3772,17,,0.619
6589,16,,0.618
5616,16,,0.618
4616,16,,0.618
5160,16,,0.618
7644,16,,0.618
51,16,,0.618
4675,16,,0.618
6512,17,,0.618
4770,16,,0.618
2062,6,CA,0.618
1371,6,AZ,0.617
1276,16,,0.617
3776,16,,0.617
7998,16,,0.617
5287,16,,0.617
7699,16,,0.617
1721,16,,0.617
4866,17,,0.617
1025,17,,0.616
1472,16,,0.616
7998,17,,0.616
3772,16,,0.615
4616,17,,0.615
2330,16,,0.615
2527,17,,0.615
2693,16,,0.615
9918,16,,0.614
126,16,,0.614
1025,16,,0.614
9656,16,,0.613
9920,16,,0.613
4925,16,,0.613
4603,16,,0.613
4751,16,,0.613
4250,17,,0.612
3780,16,,0.612
2411,16,,0.612
9893,16,,0.612
1544,16,,0.612
662,17,,0.612
9056,16,,0.612
2084,16,,0.612
3747,17,,0.612
4768,17,,0.612
664,17,,0.612
2410,16,,0.611
661,16,,0.611
4832,16,,0.611
6360,16,,0.611
2527,16,,0.611
5789,16,,0.61
1539,6,AL,0.61
1280,16,,0.609
4258,17,,0.609
664,16,,0.609
6184,17,,0.609
3770,16,,0.609
4675,17,,0.608
4624,16,,0.608
2457,17,,0.608
2086,17,,0.608
2458,17,,0.608
1927,16,,0.607
6512,16,,0.607
1539,17,,0.607
4869,16,,0.606
6549,16,,0.606
1567,16,,0.606
2086,16,,0.606
6514,17,,0.606
1539,16,,0.605
6036,16,,0.605
8955,16,,0.605
6333,17,,0.605
8014,16,,0.604
2075,16,,0.603
4796,17,,0.603
899,16,,0.602
151,16,,0.602
2477,16,,0.601
8014,17,,0.601
2847,16,,0.599
771,16,,0.598
6221,16,,0.598
4250,16,,0.595
6392,17,,0.593
1118,16,,0.592
831,16,,0.592
176,16,,0.592
1544,17,,0.591
6075,16,,0.59
4266,16,,0.588
5744,16,,0.583
4706,16,,0.577
6512,9,8703644111,0.311
4377,6,AZ,0.311
6969,2,50024,0.31
9913,15,Pneumonia Patients Given Smoking Cessation Advice/Counseling,0.31
6229,13,Pneumonia,0.309
6512,18,AR_SCIP-INF-1,0.308
3466,15,Pneumonia Patients Given Smoking Cessation Advice/Counseling,0.307
4738,2,31309,0.306
1711,7,35213,0.306
516,7,35960,0.304
9232,18,CA_HF-1,0.303
1699,2,10104,0.303
2815,9,9077473241,0.303
2457,9,3342604100,0.301
9464,2,50222,0.301
7336,18,CA_PN-6,0.301
3200,14,SCIP-INF-6,0.299
7434,5,LOS ANGELES,0.299
3983,14,SCIP-CARD-2,0.299
4384,13,Pneumonia,0.298
741,2,10035,0.298
9969,15,surgery patients who were given the  right kind  of antibiotic to help prevent infection,0.298
5504,2,40055,0.297
5046,15,surgery patients who were taking heart drugs called beta blockers before coming to the hospital&#54; who were kept on the beta blockers during the period just before and after their surgery,0.297
6059,9,5015202000,0.297
5406,18,AR_SCIP-VTE-2,0.297
1476,2,10091,0.297
3322,14,SCIP-INF-2,0.295
4904,9,4797545454,0.295
5583,18,AR_SCIP-VTE-1,0.295
3689,15,surgery patients whose doctors ordered treatments to prevent blood clots after certain types of surgeries,0.295
7699,15,surgery patients who were taking heart drugs called beta blockers before coming to the hospital&#54; who were kept on the beta blockers during the period just before and after their surgery,0.295
3913,14,SCIP-INF-6,0.295
7488,15,surgery patients who were taking heart drugs called beta blockers before coming to the hospital&#54; who were kept on the beta blockers during the period just before and after their surgery,0.294
1887,7,36461,0.294
2075,2,10138,0.294
8894,15,surgery patients who were given the  right kind  of antibiotic to help prevent infection,0.293
4331,2,30117,0.293
8480,2,50124,0.292
417,2,10164,0.292
3983,15,surgery patients who were taking heart drugs called beta blockers before coming to the hospital&#54; who were kept on the beta blockers during the period just before and after their surgery,0.292
4368,15,surgery patients whose doctors ordered treatments to prevent blood clots after certain types of surgeries,0.292
8278,14,SCIP-INF-6,0.292
6249,18,AR_HF-3,0.291
9894,2,50257,0.291
3048,15,surgery patients needing hair removed from the surgical area before surgery&#54; who had hair removed using a safer method (electric clippers or hair removal cream sC not a razor),0.291
4925,2,40002,0.291
9347,18,CA_SCIP-INF-6,0.29
2062,9,2059303200,0.29
3354,9,6022490212,0.29
5846,7,71801,0.29
4924,14,SCIP-INF-3,0.29
7004,2,50026,0.289
8014,14,SCIP-CARD-2,0.289
9610,2,50231,0.289
3625,6,AZ,0.289
8893,14,SCIP-INF-1,0.289
8532,15,surgery patients whose doctors ordered treatments to prevent blood clots after certain types of surgeries,0.289
3471,15,surgery patients who were given an antibiotic at the right time (within one hour before surgery) to help prevent infection,0.289
8551,14,SCIP-CARD-2,0.288
1476,18,AL_AMI-8A,0.288
664,15,surgery patients needing hair removed from the surgical area before surgery&#54; who had hair removed using a safer method (electric clippers or hair removal cream sC not a razor),0.288
1997,7,36507,0.288
9464,13,Pneumonia,0.288
6969,15,surgery patients who were given the  right kind  of antibiotic to help prevent infection,0.288
5970,18,AR_HF-4,0.288
8597,15,Pneumonia Patients Given Smoking Cessation Advice/Counseling,0.287
3348,14,SCIP-INF-3,0.287
2580,15,Children Who Received Reliever Medication While Hospitalized for Asthma,0.287
2011,18,AL_PN-2,0.287
2459,9,3342604100,0.287
9642,18,CA_SCIP-CARD-2,0.287
3089,18,AR_SCIP-INF-6,0.287
8296,18,CA_PN-6,0.287
3494,6,AZ,0.287
6761,7,94114,0.287
6963,18,CA_PN-4,0.287
2428,13,Surgical Infection Prevention,0.287
8378,15,surgery patients needing hair removed from the surgical area before surgery&#54; who had hair removed using a safer method (electric clippers or hair removal cream sC not a razor),0.287
8806,2,50145,0.287
3023,9,4808824000,0.287
3096,9,5015527100,0.286
7141,18,CA_HF-2,0.286
7004,18,CA_SCIP-INF-4,0.286
7434,14,PN-4,0.286
8477,18,CA_SCIP-INF-4,0.286
1321,6,AL,0.286
7338,2,50056,0.286
1182,2,10061,0.286
8597,2,50129,0.286
6059,15,surgery patients who were given the  right kind  of antibiotic to help prevent infection,0.285
2335,7,35661,0.285
7789,18,CA_SCIP-CARD-2,0.285
1306,18,AL_SCIP-INF-6,0.285
3989,13,Surgical Infection Prevention,0.285
8480,18,CA_SCIP-VTE-2,0.285
6610,14,PN-7,0.285
3014,15,surgery patients whose doctors ordered treatments to prevent blood clots after certain types of surgeries,0.285
9019,18,CA_SCIP-INF-2,0.285
5346,14,PN-5C,0.285
9399,14,SCIP-VTE-2,0.285
492,7,35960,0.285
8421,2,50121,0.285
2075,7,36925,0.285
6333,14,SCIP-INF-1,0.284
3582,7,85724,0.284
4816,2,31313,0.284
974,18,AL_SCIP-INF-1,0.284
3724,6,AZ,0.284
2989,13,Surgical Infection Prevention,0.284
1817,18,AL_SCIP-CARD-2,0.284
5558,15,surgery patients whose doctors ordered treatments to prevent blood clots after certain types of surgeries,0.284
7790,18,CA_SCIP-INF-1,0.284
4770,15,surgery patients who were given the  right kind  of antibiotic to help prevent infection,0.284
1396,2,10085,0.284
5706,2,40078,0.284
5467,2,40051,0.284
3442,13,Pneumonia,0.284
4869,9,9283334368,0.284
4924,7,72830,0.284
9267,15,surgery patients who were taking heart drugs called beta blockers before coming to the hospital&#54; who were kept on the beta blockers during the period just before and after their surgery,0.284
3348,18,AZ_SCIP-INF-3,0.284
6212,15,surgery patients needing hair removed from the surgical area before surgery&#54; who had hair removed using a safer method (electric clippers or hair removal cream sC not a razor),0.284
3707,14,PN-7,0.283
6288,15,surgery patients whose doctors ordered treatments to prevent blood clots after certain types of surgeries,0.283
8426,14,SCIP-INF-3,0.283
8319,15,Pneumonia Patients Given Smoking Cessation Advice/Counseling,0.283
5981,14,SCIP-INF-4,0.283
7079,14,SCIP-INF-4,0.283
2398,2,10167,0.283
4866,9,9283334368,0.283
6392,13,Surgical Infection Prevention,0.283
8403,18,CA_SCIP-INF-6,0.283
1594,7,36426,0.283
4616,18,AZ_PN-6,0.283
7699,14,SCIP-CARD-2,0.283
7365,18,CA_SCIP-INF-2,0.283
6202,18,AR_PN-3B,0.282
8532,13,Surgical Infection Prevention,0.282
6262,14,SCIP-INF-6,0.282
5744,9,8702853182,0.282
3398,9,9284743222,0.282
1318,7,36207,0.282
8713,18,CA_PN-4,0.282
2796,9,9077473241,0.282
3099,18,AR_HF-1,0.282
8604,14,SCIP-INF-3,0.282
6770,15,surgery patients whose doctors ordered treatments to prevent blood clots after certain types of surgeries,0.282
5846,9,8707772323,0.282
3451,13,Surgical Infection Prevention,0.282
779,7,35801,0.281
8604,18,CA_SCIP-INF-3,0.281
6790,18,CA_SCIP-INF-1,0.281
9583,6,CA,0.281
3780,7,85550,0.281
2860,15,surgery patients who were given the  right kind  of antibiotic to help prevent infection,0.281
3780,9,9284752371,0.281
3839,13,Surgical Infection Prevention,0.281
1922,18,AL_SCIP-INF-6,0.281
5392,18,AR_HF-4,0.281
8270,14,PN-5C,0.281
3747,18,AZ_AMI-8A,0.281
9718,14,SCIP-INF-1,0.281
5395,15,Pneumonia Patients Given Smoking Cessation Advice/Counseling,0.281
844,2,10043,0.281
3712,2,30071,0.281
8219,14,PN-4,0.281
8403,15,surgery patients needing hair removed from the surgical area before surgery&#54; who had hair removed using a safer method (electric clippers or hair removal cream sC not a razor),0.281
5706,14,SCIP-INF-4,0.281
8894,18,CA_SCIP-INF-2,0.28
8254,14,SCIP-VTE-1,0.28
2860,2,21311,0.28
2877,18,AK_PN-2,0.28
6557,15,Pneumonia Patients Given Smoking Cessation Advice/Counseling,0.28
4434,6,AZ,0.28
3599,6,AZ,0.28
8303,15,surgery patients needing hair removed from the surgical area before surgery&#54; who had hair removed using a safer method (electric clippers or hair removal cream sC not a razor),0.28
9664,13,Pneumonia,0.28
2742,9,9075632662,0.28
8788,15,Pneumonia Patients Given Smoking Cessation Advice/Counseling,0.28
3647,6,AZ,0.28
8393,2,50118,0.28
5053,14,SCIP-VTE-2,0.28
8480,14,SCIP-VTE-2,0.279
6249,2,41309,0.279
1817,2,10113,0.279
9968,15,surgery patients who were given an antibiotic at the right time (within one hour before surgery) to help prevent infection,0.279
3351,13,Surgical Infection Prevention,0.279
2635,9,9077968900,0.279
7761,14,PN-5C,0.279
8948,15,surgery patients whose doctors ordered treatments to prevent blood clots after certain types of surgeries,0.279
9247,18,CA_SCIP-INF-6,0.279
2372,15,surgery patients needing hair removed from the surgical area before surgery&#54; who had hair removed using a safer method (electric clippers or hair removal cream sC not a razor),0.279
6184,14,SCIP-INF-2,0.279
3707,2,30071,0.279
8718,18,CA_SCIP-INF-1,0.279
8713,2,50137,0.279
6002,14,SCIP-CARD-2,0.279
2985,18,AZ_SCIP-INF-2,0.279
1388,2,10085,0.279
4825,18,AZ_SCIP-VTE-2,0.279
9464,18,CA_PN-5C,0.279
6512,2,41323,0.279
6307,9,8708454400,0.278
6204,2,41307,0.278
6407,15,Pneumonia Patients Given Smoking Cessation Advice/Counseling,0.278
4434,2,30122,0.278
6392,15,surgery patients whose doctors ordered treatments to prevent blood clots after certain types of surgeries,0.278
3023,15,surgery patients whose doctors ordered treatments to prevent blood clots after certain types of surgeries,0.278
771,9,2562358900,0.278
8254,13,Surgical Infection Prevention,0.278
3023,13,Surgical Infection Prevention,0.278
4877,18,AZ_CAC-2,0.278
9498,15,surgery patients whose doctors ordered treatments to prevent blood clots after certain types of surgeries,0.278
1434,18,AL_PN-5C,0.278
2064,2,10137,0.278
1997,15,surgery patients needing hair removed from the surgical area before surgery&#54; who had hair removed using a safer method (electric clippers or hair removal cream sC not a razor),0.278
8273,15,surgery patients who were taking heart drugs called beta blockers before coming to the hospital&#54; who were kept on the beta blockers during the period just before and after their surgery,0.278
9022,15,surgery patients needing hair removed from the surgical area before surgery&#54; who had hair removed using a safer method (electric clippers or hair removal cream sC not a razor),0.278
6555,18,AR_PN-2,0.278
6184,15,surgery patients who were given the  right kind  of antibiotic to help prevent infection,0.278
5824,13,Pneumonia,0.278
7389,14,SCIP-INF-1,0.278
6288,13,Surgical Infection Prevention,0.277
6610,18,AR_PN-7,0.277
6262,18,AR_SCIP-INF-6,0.277
5579,18,AR_SCIP-INF-2,0.277
3303,9,9287732009,0.277
5933,14,SCIP-VTE-1,0.277
8278,15,surgery patients needing hair removed from the surgical area before surgery&#54; who had hair removed using a safer method (electric clippers or hair removal cream sC not a razor),0.277
3775,6,AZ,0.277
2905,14,PN-5C,0.277
6963,2,50024,0.277
8621,18,CA_PN-3B,0.277
4437,2,30122,0.277
3772,7,85550,0.277
6796,14,SCIP-VTE-2,0.277
2062,2,10137,0.277
7353,18,CA_HF-1,0.277
3824,2,30083,0.277
4593,15,surgery patients who were taking heart drugs called beta blockers before coming to the hospital&#54; who were kept on the beta blockers during the period just before and after their surgery,0.277
4008,15,surgery patients who were taking heart drugs called beta blockers before coming to the hospital&#54; who were kept on the beta blockers during the period just before and after their surgery,0.277
2278,2,10150,0.277
6924,14,CAC-3,0.277
1920,7,35565,0.277
3348,9,6024063000,0.277
2064,9,2059303200,0.277
2428,15,surgery patients whose doctors ordered treatments to prevent blood clots after certain types of surgeries,0.277
8549,2,50127,0.277
2177,2,10146,0.277
9292,14,SCIP-CARD-2,0.276
4719,2,31305,0.276
5696,18,AR_PN-2,0.276
779,9,2562651000,0.276
735,18,AL_SCIP-INF-1,0.276
6762,18,CA_PN-6,0.276
7335,14,PN-5C,0.276
1118,7,35042,0.276
6761,9,4156006000,0.276
8718,15,surgery patients who were given an antibiotic at the right time (within one hour before surgery) to help prevent infection,0.276
3929,15,Pneumonia Patients Given Smoking Cessation Advice/Counseling,0.276
9589,2,50230,0.276
5583,13,Surgical Infection Prevention,0.276
5152,14,SCIP-VTE-1,0.276
2563,7,36274,0.276
9198,15,surgery patients whose doctors ordered treatments to prevent blood clots after certain types of surgeries,0.276
5050,18,AR_SCIP-INF-4,0.276
1175,2,10061,0.276
6355,18,AR_PN-5C,0.276
6025,2,40137,0.276
2765,18,AK_SCIP-VTE-2,0.276
9448,2,50219,0.276
2392,2,10167,0.276
8894,2,50152,0.276
8421,18,CA_PN-6,0.275
823,18,AL_SCIP-INF-3,0.275
9440,18,CA_PN-6,0.275
3552,14,SCIP-CARD-2,0.275
4877,13,Children&#8217;s Asthma Care,0.275
1396,7,35609,0.275
4139,18,AZ_SCIP-INF-2,0.275
7079,2,50036,0.275
735,2,10035,0.275
3580,15,surgery patients who were taking heart drugs called beta blockers before coming to the hospital&#54; who were kept on the beta blockers during the period just before and after their surgery,0.275
8630,18,CA_SCIP-INF-4,0.275
5727,15,surgery patients who were taking heart drugs called beta blockers before coming to the hospital&#54; who were kept on the beta blockers during the period just before and after their surgery,0.275
4640,14,PN-5C,0.275
9198,13,Surgical Infection Prevention,0.275
6642,15,surgery patients whose doctors ordered treatments to prevent blood clots after certain types of surgeries,0.275
6221,7,71654,0.275
2189,2,10146,0.275
844,18,AL_PN-7,0.275
5483,2,40055,0.275
5455,13,Surgical Infection Prevention,0.275
2011,2,10130,0.275
3580,7,85724,0.275
5127,2,40017,0.275
4624,18,AZ_SCIP-VTE-1,0.275
4035,18,AZ_SCIP-INF-2,0.275
2980,2,30007,0.275
6429,18,AR_HF-4,0.274
1434,7,35502,0.274
8274,15,surgery patients who were given an antibiotic at the right time (within one hour before surgery) to help prevent infection,0.274
5583,2,40069,0.274
9461,2,50222,0.274
3586,15,surgery patients whose doctors ordered treatments to prevent blood clots after certain types of surgeries,0.274
5658,13,Surgical Infection Prevention,0.274
2330,2,10157,0.274
8068,2,50100,0.274
3494,18,AZ_HF-3,0.274
8549,18,CA_PN-6,0.274
1573,7,36426,0.274
5466,2,40051,0.274
3913,15,surgery patients needing hair removed from the surgical area before surgery&#54; who had hair removed using a safer method (electric clippers or hair removal cream sC not a razor),0.274
6841,15,surgery patients who were given the  right kind  of antibiotic to help prevent infection,0.274
4616,2,31301,0.274
3400,2,30033,0.274
7761,13,Pneumonia,0.274
6538,15,surgery patients who were given the  right kind  of antibiotic to help prevent infection,0.274
4135,18,AZ_PN-6,0.274
4796,18,AZ_SCIP-INF-3,0.274
147,5,HARTSELLE,0.274
3186,2,30012,0.274
4538,2,03013F,0.274
6360,15,surgery patients who were given the  right kind  of antibiotic to help prevent infection,0.274
1934,7,36081,0.274
1544,2,10095,0.274
4192,15,surgery patients needing hair removed from the surgical area before surgery&#54; who had hair removed using a safer method (electric clippers or hair removal cream sC not a razor),0.273
5708,15,surgery patients whose doctors ordered treatments to prevent blood clots after certain types of surgeries,0.273
9399,18,CA_SCIP-VTE-2,0.273
4718,15,surgery patients who were taking heart drugs called beta blockers before coming to the hospital&#54; who were kept on the beta blockers during the period just before and after their surgery,0.273
9253,7,95076,0.273
6059,14,SCIP-INF-2,0.273
5708,14,SCIP-VTE-1,0.273
9267,14,SCIP-CARD-2,0.273
2370,18,AL_SCIP-INF-3,0.273
1126,18,AL_SCIP-CARD-2,0.273
7175,15,surgery patients who were taking heart drugs called beta blockers before coming to the hospital&#54; who were kept on the beta blockers during the period just before and after their surgery,0.273
3839,18,AZ_SCIP-VTE-1,0.273
2023,18,AL_SCIP-VTE-1,0.273
7171,15,Pneumonia Patients Given Smoking Cessation Advice/Counseling,0.273
8070,14,SCIP-CARD-2,0.273
6819,15,surgery patients needing hair removed from the surgical area before surgery&#54; who had hair removed using a safer method (electric clippers or hair removal cream sC not a razor),0.273
2023,2,10130,0.273
8738,15,Pneumonia Patients Given Smoking Cessation Advice/Counseling,0.273
7051,15,surgery patients who were given an antibiotic at the right time (within one hour before surgery) to help prevent infection,0.273
5287,18,AR_AMI-7A,0.273
6295,9,8708454400,0.273
6919,15,surgery patients needing hair removed from the surgical area before surgery&#54; who had hair removed using a safer method (electric clippers or hair removal cream sC not a razor),0.273
5774,14,PN-5C,0.273
4877,2,33302,0.273
5673,14,PN-4,0.272
9247,2,50193,0.272
2036,9,2568823100,0.272
1422,7,35502,0.272
7338,18,CA_SCIP-CARD-2,0.272
7376,7,91204,0.272
4784,6,AZ,0.272
8914,14,PN-5C,0.272
4876,2,33302,0.272
5330,13,Surgical Infection Prevention,0.272
1539,18,AL_SCIP-INF-2,0.272
5127,13,Surgical Infection Prevention,0.272
8219,15,Pneumonia Patients Given Smoking Cessation Advice/Counseling,0.272
6922,18,CA_CAC-1,0.272
1472,18,AL_AMI-3,0.272
3089,9,5012197000,0.272
8068,18,CA_PN-6,0.272
3453,9,4808824000,0.272
2568,2,11303,0.272
781,9,2562651000,0.272
8713,15,Pneumonia Patients Given Smoking Cessation Advice/Counseling,0.272
5467,18,AR_HF-4,0.272
4138,15,surgery patients who were given an antibiotic at the right time (within one hour before surgery) to help prevent infection,0.272
3247,15,surgery patients who were given the  right kind  of antibiotic to help prevent infection,0.272
2348,6,AL,0.272
6610,2,41328,0.272
2064,18,AL_PN-5C,0.272
8070,2,50100,0.272
9718,15,surgery patients who were given an antibiotic at the right time (within one hour before surgery) to help prevent infection,0.272
8892,2,50152,0.272
2189,13,Pneumonia,0.272
4925,14,SCIP-INF-4,0.272
4975,18,AR_SCIP-INF-4,0.272
9334,18,CA_HF-3,0.272
6366,15,Children Who Received Reliever Medication While Hospitalized for Asthma,0.271
3453,7,85251,0.271
926,18,AL_SCIP-INF-3,0.271
7389,9,8185021900,0.271
2361,18,AL_PN-2,0.271
4683,2,31304,0.271
7644,7,90028,0.271
7335,13,Pneumonia,0.271
8477,2,50124,0.271
139,15,surgery patients who were given the  right kind  of antibiotic to help prevent infection,0.271
4796,2,31312,0.271
6538,18,AR_SCIP-INF-2,0.271
3200,18,AZ_SCIP-INF-6,0.271
3625,18,AZ_HF-3,0.271
3659,15,surgery patients who were given an antibiotic at the right time (within one hour before surgery) to help prevent infection,0.271
4924,9,4797545454,0.271
2985,2,30007,0.271
5774,2,40084,0.27
4965,2,40007,0.27
8378,14,SCIP-INF-6,0.27
6996,15,Pneumonia Patients Given Smoking Cessation Advice/Counseling,0.27
2104,2,10139,0.27
5706,18,AR_SCIP-INF-4,0.27
4193,13,Surgical Infection Prevention,0.27
7265,9,4156006000,0.27
3200,2,30012,0.27
7789,2,50077,0.27
6055,6,AR,0.27
7004,14,SCIP-INF-4,0.27
4738,18,AZ_PN-3B,0.27
5981,18,AR_SCIP-INF-4,0.27
3322,15,surgery patients who were given the  right kind  of antibiotic to help prevent infection,0.27
2877,6,AK,0.27
4640,13,Pneumonia,0.27
2398,18,AL_SCIP-INF-1,0.27
7126,15,surgery patients who were given an antibiotic at the right time (within one hour before surgery) to help prevent infection,0.27
4411,18,AZ_HF-4,0.27
9448,13,Surgical Infection Prevention,0.27
4023,2,30094,0.27
3351,2,30024,0.27
4924,2,40002,0.27
1885,2,10120,0.27
9247,15,surgery patients needing hair removed from the surgical area before surgery&#54; who had hair removed using a safer method (electric clippers or hair removal cream sC not a razor),0.27
3281,9,6023445011,0.27
9019,15,surgery patients who were given the  right kind  of antibiotic to help prevent infection,0.27
9563,15,Pneumonia Patients Given Smoking Cessation Advice/Counseling,0.269
1936,7,36081,0.269
4292,15,surgery patients needing hair removed from the surgical area before surgery&#54; who had hair removed using a safer method (electric clippers or hair removal cream sC not a razor),0.269
1817,7,36652,0.269
3580,9,5206940111,0.269
8822,14,SCIP-INF-6,0.269
4719,18,AZ_SCIP-INF-1,0.269
4227,18,AZ_HF-1,0.269
4193,15,surgery patients whose doctors ordered treatments to prevent blood clots after certain types of surgeries,0.269
9440,2,50219,0.269
4384,2,30119,0.269
3389,9,9284743222,0.269
9610,18,CA_HF-4,0.269
9072,14,SCIP-INF-6,0.269
3707,18,AZ_PN-7,0.269
6924,18,CA_CAC-3,0.269
3014,13,Surgical Infection Prevention,0.269
1306,2,10073,0.269
4697,14,SCIP-INF-4,0.269
4624,2,31301,0.269
2361,2,10158,0.269
6476,7,71923,0.269
4784,2,31312,0.269
6922,2,50022,0.269
8551,18,CA_SCIP-CARD-2,0.269
6761,2,50008,0.269
1922,15,surgery patients needing hair removed from the surgical area before surgery&#54; who had hair removed using a safer method (electric clippers or hair removal cream sC not a razor),0.269
2989,15,surgery patients whose doctors ordered treatments to prevent blood clots after certain types of surgeries,0.269
4904,7,72830,0.269
979,2,10049,0.269
4331,18,AZ_PN-2,0.268
844,14,PN-7,0.268
7376,9,8185021900,0.268
3099,2,40137,0.268
6770,13,Surgical Infection Prevention,0.268
5770,18,AR_HF-4,0.268
4869,15,surgery patients who were given an antibiotic at the right time (within one hour before surgery) to help prevent infection,0.268
6745,15,surgery patients whose doctors ordered treatments to prevent blood clots after certain types of surgeries,0.268
3772,6,AZ,0.268
1126,2,10058,0.268
6429,2,41318,0.268
5021,14,SCIP-CARD-2,0.268
7230,14,SCIP-INF-6,0.268
4139,15,surgery patients who were given the  right kind  of antibiotic to help prevent infection,0.268
6019,18,AR_HF-3,0.268
8929,9,8189955000,0.268
1034,2,10052,0.268
5849,14,PN-5C,0.268
6996,14,PN-4,0.268
7051,14,SCIP-INF-1,0.268
6204,14,PN-5C,0.268
3348,2,30024,0.268
4876,13,Children&#8217;s Asthma Care,0.268
5548,15,Pneumonia Patients Given Smoking Cessation Advice/Counseling,0.268
4718,18,AZ_SCIP-CARD-2,0.268
1998,2,10129,0.268
4816,18,AZ_PN-6,0.268
4008,14,SCIP-CARD-2,0.267
6426,2,41318,0.267
6534,2,41324,0.267
8914,13,Pneumonia,0.267
5483,18,AR_CAC-2,0.267
3734,15,surgery patients who were given an antibiotic at the right time (within one hour before surgery) to help prevent infection,0.267
1321,7,36207,0.267
7126,14,SCIP-INF-1,0.267
8477,14,SCIP-INF-4,0.267
3322,9,9287732009,0.267
6514,2,41323,0.267
3689,13,Surgical Infection Prevention,0.267
3923,6,AZ,0.267
6002,15,surgery patients who were taking heart drugs called beta blockers before coming to the hospital&#54; who were kept on the beta blockers during the period just before and after their surgery,0.267
2765,9,9075632662,0.267
4825,2,31313,0.267
6088,13,Surgical Infection Prevention,0.267
8597,18,CA_PN-4,0.267
4035,15,surgery patients who were given the  right kind  of antibiotic to help prevent infection,0.267
9347,14,SCIP-INF-6,0.267
1821,2,10113,0.267
3660,15,surgery patients who were given the  right kind  of antibiotic to help prevent infection,0.267
6355,13,Pneumonia,0.267
4593,14,SCIP-CARD-2,0.267
9267,9,8317244741,0.267
2372,7,35653,0.267
3663,15,surgery patients needing hair removed from the surgical area before surgery&#54; who had hair removed using a safer method (electric clippers or hair removal cream sC not a razor),0.267
6229,9,8702225600,0.267
735,15,surgery patients who were given an antibiotic at the right time (within one hour before surgery) to help prevent infection,0.267
6514,18,AR_SCIP-INF-3,0.267
3400,15,surgery patients needing hair removed from the surgical area before surgery&#54; who had hair removed using a safer method (electric clippers or hair removal cream sC not a razor),0.267
7021,15,Pneumonia Patients Given Smoking Cessation Advice/Counseling,0.267
8051,14,SCIP-VTE-1,0.266
9334,2,50197,0.266
9893,14,SCIP-INF-1,0.266
4340,2,30117,0.266
5160,2,40019,0.266
7007,14,SCIP-VTE-2,0.266
417,18,AL_AMI-3,0.266
4743,18,AZ_SCIP-CARD-2,0.266
3775,18,AZ_HF-3,0.266
4825,14,SCIP-VTE-2,0.266
1998,7,36507,0.266
5579,15,surgery patients who were given the  right kind  of antibiotic to help prevent infection,0.266
2635,6,AK,0.266
4411,2,30121,0.266
2985,15,surgery patients who were given the  right kind  of antibiotic to help prevent infection,0.266
5583,15,surgery patients whose doctors ordered treatments to prevent blood clots after certain types of surgeries,0.266
1396,6,AL,0.266
4377,2,30119,0.266
9292,15,surgery patients who were taking heart drugs called beta blockers before coming to the hospital&#54; who were kept on the beta blockers during the period just before and after their surgery,0.266
3451,15,surgery patients whose doctors ordered treatments to prevent blood clots after certain types of surgeries,0.266
150,5,HARTSELLE,0.266
8014,15,surgery patients who were taking heart drugs called beta blockers before coming to the hospital&#54; who were kept on the beta blockers during the period just before and after their surgery,0.266
2568,7,36274,0.266
7052,15,surgery patients who were given the  right kind  of antibiotic to help prevent infection,0.266
6212,14,SCIP-INF-6,0.266
7040,2,50030,0.266
6360,18,AR_SCIP-INF-2,0.266
2753,18,AK_PN-3B,0.265
8821,14,SCIP-INF-4,0.265
2641,9,9077968900,0.265
2086,2,10138,0.265
9386,18,CA_PN-2,0.265
1573,2,10099,0.265
2335,2,10157,0.265
2418,15,Pneumonia Patients Given Smoking Cessation Advice/Counseling,0.265
2027,9,2568823100,0.265
8929,7,91436,0.265
1887,2,10120,0.265
8892,18,CA_SCIP-CARD-2,0.265
8070,18,CA_SCIP-CARD-2,0.265
6360,2,41314,0.265
9547,15,surgery patients needing hair removed from the surgical area before surgery&#54; who had hair removed using a safer method (electric clippers or hair removal cream sC not a razor),0.265
4331,14,PN-2,0.265
8821,2,50145,0.265
2980,18,AZ_PN-5C,0.265
5169,18,AR_PN-6,0.265
1025,7,35462,0.265
3712,18,AZ_SCIP-INF-4,0.265
3552,15,surgery patients who were taking heart drugs called beta blockers before coming to the hospital&#54; who were kept on the beta blockers during the period just before and after their surgery,0.265
6333,15,surgery patients who were given an antibiotic at the right time (within one hour before surgery) to help prevent infection,0.265
3989,14,SCIP-VTE-1,0.265
9522,15,surgery patients needing hair removed from the surgical area before surgery&#54; who had hair removed using a safer method (electric clippers or hair removal cream sC not a razor),0.265
2641,18,AK_HF-2,0.264
2086,18,AL_PN-2,0.264
8174,15,surgery patients who were given an antibiotic at the right time (within one hour before surgery) to help prevent infection,0.264
7336,2,50056,0.264
6845,15,surgery patients whose doctors ordered treatments to prevent blood clots after certain types of surgeries,0.264
1787,7,36732,0.264
9022,2,50168,0.264
8270,13,Pneumonia,0.264
8551,2,50127,0.264
7790,2,50077,0.264
7265,7,94115,0.264
3712,14,SCIP-INF-4,0.264
1821,7,36652,0.264
4796,14,SCIP-INF-3,0.264
3784,7,85550,0.264
9583,2,50230,0.264
8806,18,CA_AMI-8A,0.264
5123,2,40017,0.263
5123,18,AR_SCIP-INF-2,0.263
5658,15,surgery patients whose doctors ordered treatments to prevent blood clots after certain types of surgeries,0.263
3398,14,SCIP-INF-3,0.263
6553,18,AR_HF-3,0.263
4135,2,30105,0.263
9448,18,CA_SCIP-VTE-1,0.263
926,2,10046,0.263
2905,13,Pneumonia,0.263
5554,15,surgery patients who were given the  right kind  of antibiotic to help prevent infection,0.263
4035,2,30094,0.263
8319,14,PN-4,0.263
7122,14,PN-5C,0.263
1711,2,10104,0.263
3351,9,6024063000,0.263
7068,18,CA_HF-4,0.263
4975,14,SCIP-INF-4,0.263
5981,2,40119,0.263
974,2,10049,0.263
7365,2,50057,0.263
8630,14,SCIP-INF-4,0.263
7819,14,SCIP-INF-6,0.263
5425,15,surgery patients who were given an antibiotic at the right time (within one hour before surgery) to help prevent infection,0.262
926,7,35901,0.262
1781,7,36732,0.262
8718,2,50137,0.262
3784,9,9284752371,0.262
2348,7,35661,0.262
8426,2,50121,0.262
2370,2,10158,0.262
6534,18,AR_PN-6,0.262
3351,15,surgery patients whose doctors ordered treatments to prevent blood clots after certain types of surgeries,0.262
6082,15,surgery patients who were taking heart drugs called beta blockers before coming to the hospital&#54; who were kept on the beta blockers during the period just before and after their surgery,0.262
5673,15,Pneumonia Patients Given Smoking Cessation Advice/Counseling,0.262
6366,13,Children&#8217;s Asthma Care,0.262
4743,14,SCIP-CARD-2,0.262
7389,7,91204,0.262
6553,7,71639,0.262
2372,14,SCIP-INF-6,0.262
9192,15,surgery patients who were taking heart drugs called beta blockers before coming to the hospital&#54; who were kept on the beta blockers during the period just before and after their surgery,0.262
6963,15,Pneumonia Patients Given Smoking Cessation Advice/Counseling,0.262
5375,14,SCIP-INF-1,0.262
9632,2,50232,0.262
9642,15,surgery patients who were taking heart drugs called beta blockers before coming to the hospital&#54; who were kept on the beta blockers during the period just before and after their surgery,0.262
1126,7,35042,0.261
9164,14,PN-5C,0.261
1422,2,10089,0.261
4683,6,AZ,0.261
7388,14,SCIP-CARD-2,0.261
4876,18,AZ_CAC-1,0.261
25,18,AL_AMI-7A,0.261
5021,15,surgery patients who were taking heart drugs called beta blockers before coming to the hospital&#54; who were kept on the beta blockers during the period just before and after their surgery,0.261
8621,2,50131,0.261
3839,15,surgery patients whose doctors ordered treatments to prevent blood clots after certain types of surgeries,0.261
5933,15,surgery patients whose doctors ordered treatments to prevent blood clots after certain types of surgeries,0.261
258,2,10015,0.261
5330,15,surgery patients whose doctors ordered treatments to prevent blood clots after certain types of surgeries,0.261
1738,15,Pneumonia Patients Given Smoking Cessation Advice/Counseling,0.261
2862,2,21311,0.261
1126,15,surgery patients who were taking heart drugs called beta blockers before coming to the hospital&#54; who were kept on the beta blockers during the period just before and after their surgery,0.261
4743,2,31309,0.261
8403,2,50118,0.261
6016,9,5012197000,0.261
9621,18,CA_SCIP-INF-4,0.261
8426,18,CA_SCIP-INF-3,0.261
7388,15,surgery patients who were taking heart drugs called beta blockers before coming to the hospital&#54; who were kept on the beta blockers during the period just before and after their surgery,0.261
3933,15,surgery patients who were taking heart drugs called beta blockers before coming to the hospital&#54; who were kept on the beta blockers during the period just before and after their surgery,0.261
9887,18,CA_PN-3B,0.261
1885,7,36461,0.261
1175,18,AL_PN-7,0.261
9894,15,surgery patients who were given the  right kind  of antibiotic to help prevent infection,0.261
6796,18,CA_SCIP-VTE-2,0.26
7021,14,PN-4,0.26
1570,2,10099,0.26
9498,13,Surgical Infection Prevention,0.26
6835,15,Pneumonia Patients Given Smoking Cessation Advice/Counseling,0.26
5774,18,AR_PN-5C,0.26
4384,18,AZ_PN-5C,0.26
2036,7,35801,0.26
6835,14,PN-4,0.26
5160,18,AR_AMI-8A,0.26
3780,13,Pneumonia,0.26
5455,15,surgery patients whose doctors ordered treatments to prevent blood clots after certain types of surgeries,0.26
3089,2,40134,0.26
9267,7,95076,0.26
5395,14,PN-4,0.26
7052,18,CA_SCIP-INF-2,0.259
6088,15,surgery patients whose doctors ordered treatments to prevent blood clots after certain types of surgeries,0.259
9193,15,surgery patients who were given an antibiotic at the right time (within one hour before surgery) to help prevent infection,0.259
8893,15,surgery patients who were given an antibiotic at the right time (within one hour before surgery) to help prevent infection,0.259
6762,2,50008,0.259
8630,2,50131,0.259
5504,18,AR_SCIP-INF-2,0.259
5849,13,Pneumonia,0.259
3776,9,9284752371,0.259
7122,13,Pneumonia,0.259
1005,18,AL_SCIP-VTE-2,0.259
4539,2,03013F,0.259
7079,18,CA_SCIP-INF-4,0.259
8935,9,8189955000,0.259
6221,9,8702225600,0.259
1017,7,35462,0.259
9347,2,50197,0.259
2567,2,11303,0.259
3300,9,6023445011,0.258
6476,9,8702452622,0.258
9664,14,PN-5C,0.258
9621,14,SCIP-INF-4,0.258
3824,6,AZ,0.258
911,7,35901,0.258
9563,14,PN-4,0.258
5346,13,Pneumonia,0.258
9448,15,surgery patients whose doctors ordered treatments to prevent blood clots after certain types of surgeries,0.258
3400,18,AZ_SCIP-INF-6,0.258
8892,15,surgery patients who were taking heart drugs called beta blockers before coming to the hospital&#54; who were kept on the beta blockers during the period just before and after their surgery,0.258
3040,13,Pneumonia,0.258
9019,2,50168,0.258
6025,18,AR_HF-4,0.258
317,9,2562358900,0.258
8393,18,CA_PN-3B,0.258
5849,7,71801,0.257
2204,7,36401,0.257
4183,15,Pneumonia Patients Given Smoking Cessation Advice/Counseling,0.257
2036,2,10131,0.257
1182,7,35768,0.257
9072,15,surgery patients needing hair removed from the surgical area before surgery&#54; who had hair removed using a safer method (electric clippers or hair removal cream sC not a razor),0.257
4719,15,surgery patients who were given an antibiotic at the right time (within one hour before surgery) to help prevent infection,0.257
6790,2,50009,0.257
831,2,10043,0.257
7230,15,surgery patients needing hair removed from the surgical area before surgery&#54; who had hair removed using a safer method (electric clippers or hair removal cream sC not a razor),0.257
3772,9,9284752371,0.257
7365,15,surgery patients who were given the  right kind  of antibiotic to help prevent infection,0.257
4023,6,AZ,0.257
1885,18,AL_HF-4,0.257
2980,13,Pneumonia,0.257
6204,18,AR_PN-5C,0.257
3839,2,30083,0.257
1388,7,35609,0.257
3776,7,85550,0.257
6601,18,AR_HF-1,0.257
4925,18,AR_SCIP-INF-4,0.257
2330,18,AL_AMI-7A,0.257
202,9,2058383122,0.256
4340,18,AZ_SCIP-INF-3,0.256
3089,15,surgery patients needing hair removed from the surgical area before surgery&#54; who had hair removed using a safer method (electric clippers or hair removal cream sC not a razor),0.256
6761,13,Pneumonia,0.256
1821,18,AL_SCIP-INF-4,0.256
6229,7,71654,0.256
5770,2,40084,0.256
3747,6,AZ,0.256
3586,13,Surgical Infection Prevention,0.256
9589,18,CA_PN-5C,0.256
9399,2,50205,0.256
5466,18,AR_HF-3,0.256
5558,13,Surgical Infection Prevention,0.256
7353,2,50057,0.256
7488,14,SCIP-CARD-2,0.255
5748,9,8702853182,0.255
5046,14,SCIP-CARD-2,0.255
5127,18,AR_SCIP-VTE-1,0.255
4422,18,AZ_SCIP-INF-4,0.255
4832,6,AZ,0.255
5375,15,surgery patients who were given an antibiotic at the right time (within one hour before surgery) to help prevent infection,0.255
4718,2,31305,0.255
4876,15,Children Who Received Reliever Medication While Hospitalized for Asthma,0.255
5849,9,8707772323,0.255
7389,15,surgery patients who were given an antibiotic at the right time (within one hour before surgery) to help prevent infection,0.255
6426,18,AR_HF-1,0.255
6016,7,72211,0.255
9894,18,CA_SCIP-INF-2,0.255
6477,7,71923,0.255
2105,6,AL,0.254
9893,15,surgery patients who were given an antibiotic at the right time (within one hour before surgery) to help prevent infection,0.254
9621,2,50231,0.254
4657,18,AZ_AMI-8A,0.254
911,2,10046,0.254
4340,14,SCIP-INF-3,0.254
218,9,2058383122,0.254
9386,2,50205,0.254
430,2,10164,0.254
6557,7,71639,0.254
5824,14,PN-5C,0.254
3950,6,AZ,0.253
4292,14,SCIP-INF-6,0.253
3775,7,85550,0.253
9522,14,SCIP-INF-6,0.253
4138,14,SCIP-INF-1,0.253
8822,15,surgery patients needing hair removed from the surgical area before surgery&#54; who had hair removed using a safer method (electric clippers or hair removal cream sC not a razor),0.253
6355,2,41314,0.253
7434,7,90028,0.253
7068,2,50036,0.253
6761,18,CA_PN-5C,0.253
6019,2,40134,0.253
8821,18,CA_SCIP-INF-4,0.253
7040,18,CA_HF-1,0.253
5604,15,surgery patients who were given the  right kind  of antibiotic to help prevent infection,0.253
5050,2,40014,0.253
3355,9,6022490212,0.253
2189,18,AL_PN-5C,0.253
9918,15,surgery patients who were given an antibiotic at the right time (within one hour before surgery) to help prevent infection,0.253
5053,18,AR_SCIP-VTE-2,0.253
7790,15,surgery patients who were given an antibiotic at the right time (within one hour before surgery) to help prevent infection,0.253
4768,15,surgery patients who were taking heart drugs called beta blockers before coming to the hospital&#54; who were kept on the beta blockers during the period just before and after their surgery,0.253
5406,14,SCIP-VTE-2,0.253
4965,18,AR_PN-2,0.252
8604,2,50129,0.252
7052,2,50030,0.252
9461,18,CA_PN-2,0.252
3599,18,AZ_HF-2,0.252
1472,2,10091,0.252
7644,5,HOLLYWOOD,0.252
5050,14,SCIP-INF-4,0.252
4697,2,31304,0.252
4697,18,AZ_SCIP-INF-4,0.252
3582,9,5206940111,0.252
4869,14,SCIP-INF-1,0.252
8948,13,Surgical Infection Prevention,0.252
4624,13,Surgical Infection Prevention,0.252
9589,13,Pneumonia,0.252
6969,18,CA_SCIP-INF-2,0.252
6790,15,surgery patients who were given an antibiotic at the right time (within one hour before surgery) to help prevent infection,0.252
5579,2,40069,0.252
6087,15,surgery patients needing hair removed from the surgical area before surgery&#54; who had hair removed using a safer method (electric clippers or hair removal cream sC not a razor),0.251
2294,2,10150,0.251
8303,2,50112,0.251
1049,2,10052,0.251
1922,7,35565,0.251
741,18,AL_SCIP-VTE-2,0.251
6262,2,41309,0.251
1396,18,AL_PN-3B,0.251
6487,15,surgery patients who were given an antibiotic at the right time (within one hour before surgery) to help prevent infection,0.251
3351,18,AZ_SCIP-VTE-1,0.251
9256,7,95076,0.25
6477,9,8702452622,0.25
9232,2,50193,0.25
1709,7,35213,0.25
4657,6,AZ,0.249
151,5,HARTSELLE,0.249
3950,18,AZ_HF-3,0.249
8296,2,50112,0.249
5406,2,40042,0.249
1997,2,10129,0.249
6555,2,41326,0.249
5127,15,surgery patients whose doctors ordered treatments to prevent blood clots after certain types of surgeries,0.249
6642,13,Surgical Infection Prevention,0.249
2027,2,10131,0.248
1434,13,Pneumonia,0.248
2567,18,AL_PN-3B,0.248
2580,13,Children&#8217;s Asthma Care,0.248
7007,18,CA_SCIP-VTE-2,0.248
4924,18,AR_SCIP-INF-3,0.248
6514,14,SCIP-INF-3,0.248
1300,2,10073,0.248
7338,15,surgery patients who were taking heart drugs called beta blockers before coming to the hospital&#54; who were kept on the beta blockers during the period just before and after their surgery,0.248
1539,2,10095,0.248
4139,2,30105,0.248
6512,15,surgery patients who were given an antibiotic at the right time (within one hour before surgery) to help prevent infection,0.248
5604,14,SCIP-INF-2,0.247
1118,2,10058,0.247
6538,2,41324,0.247
2361,7,35653,0.247
5152,15,surgery patients whose doctors ordered treatments to prevent blood clots after certain types of surgeries,0.247
2105,2,10139,0.247
6055,9,5015202000,0.247
7789,15,surgery patients who were taking heart drugs called beta blockers before coming to the hospital&#54; who were kept on the beta blockers during the period just before and after their surgery,0.247
5696,2,40078,0.246
8051,13,Surgical Infection Prevention,0.246
5970,2,40119,0.246
5123,15,surgery patients who were given the  right kind  of antibiotic to help prevent infection,0.246
1163,7,35768,0.245
5483,13,Children&#8217;s Asthma Care,0.245
9253,9,8317244741,0.245
6924,2,50022,0.245
4866,7,85938,0.245
6745,13,Surgical Infection Prevention,0.245
5053,2,40014,0.245
7007,2,50026,0.245
7819,15,surgery patients needing hair removed from the surgical area before surgery&#54; who had hair removed using a safer method (electric clippers or hair removal cream sC not a razor),0.245
6557,14,PN-4,0.244
3398,18,AZ_SCIP-INF-3,0.244
1434,2,10089,0.244
6202,2,41307,0.243
9022,18,CA_SCIP-INF-6,0.243
4624,15,surgery patients whose doctors ordered treatments to prevent blood clots after certain types of surgeries,0.243
6407,14,PN-4,0.243
9164,13,Pneumonia,0.243
8303,18,CA_SCIP-INF-6,0.243
4975,2,40007,0.243
9632,18,CA_HF-1,0.243
9256,9,8317244741,0.243
5504,15,surgery patients who were given the  right kind  of antibiotic to help prevent infection,0.243
3775,9,9284752371,0.243
6499,9,8703644111,0.242
5169,2,40019,0.241
4422,14,SCIP-INF-4,0.241
9642,2,50232,0.241
6601,2,41328,0.24
1817,15,surgery patients who were taking heart drugs called beta blockers before coming to the hospital&#54; who were kept on the beta blockers during the period just before and after their surgery,0.24
4227,6,AZ,0.24
5392,2,40042,0.24
5748,15,Pneumonia Patients Given Smoking Cessation Advice/Counseling,0.239
2215,7,36401,0.239
3398,2,30033,0.239
8869,15,surgery patients who were given the  right kind  of antibiotic to help prevent infection,0.238
4422,2,30121,0.238
6819,14,SCIP-INF-6,0.238
3784,15,surgery patients who were given an antibiotic at the right time (within one hour before surgery) to help prevent infection,0.238
771,7,36201,0.237
4368,14,SCIP-VTE-1,0.237
7141,6,CA,0.237
3099,9,5015527100,0.235
4437,18,AZ_PN-2,0.235
6553,2,41326,0.234
6295,6,AR,0.232
6922,14,CAC-1,0.232
735,5,LAKE VILLAGE,0.23
2086,7,36925,0.23
6796,2,50009,0.229
6229,14,PN-5C,0.229
7434,15,Pneumonia Patients Given Smoking Cessation Advice/Counseling,0.228
741,5,JUNEAU,0.227
3348,7,85704,0.226
8935,7,94538,0.226
2796,7,92123,0.224
9887,2,50257,0.223
3322,7,92404,0.222
3096,7,93930,0.221
3089,7,92056,0.221
3351,7,92843,0.22
2641,7,35565,0.22
2635,7,36116,0.22
3300,7,95204,0.219
1118,5,LANCASTER,0.219
2815,7,36701,0.218
2765,7,90813,0.218
3355,7,85016,0.217
3023,7,85390,0.217
2742,7,85713,0.217
3354,7,71832,0.215
3389,7,92056,0.215
3389,7,35957,0.215
3281,7,93534,0.215
1126,5,SAN LUIS OBISPO,0.214
3398,7,94558,0.213
317,7,72601,0.213
3099,7,95076,0.213
4869,7,72901,0.212
3303,7,85901,0.211
1699,7,35213,0.07
4768,2,31311,0.066
1732,2,10109,0.064
5065,14,PN-2,0.064
8718,14,SCIP-INF-1,0.064
6487,18,AR_SCIP-INF-1,0.063
7607,15,Pneumonia Patients Assessed and Given Pneumococcal Vaccination,0.062
9642,14,SCIP-CARD-2,0.062
4192,2,30108,0.062
5846,15,Pneumonia Patients Assessed and Given Pneumococcal Vaccination,0.062
8271,18,CA_PN-6,0.062
5277,2,40027,0.061
2860,9,9072255171,0.061
2257,18,AL_HF-1,0.06
5722,2,40080,0.06
3111,15,Heart Failure Patients Given Smoking Cessation Advice/Counseling,0.06
5414,18,AR_HF-1,0.06
741,7,35058,0.06
6936,14,PN-2,0.06
9960,15,Heart Failure Patients Given Smoking Cessation Advice/Counseling,0.059
3111,2,41313,0.059
3112,15,Pneumonia Patients Assessed and Given Pneumococcal Vaccination,0.059
9547,18,CA_SCIP-INF-6,0.059
2814,9,9077473241,0.058
5947,18,AR_PN-3B,0.058
6075,15,Heart Failure Patients Given Smoking Cessation Advice/Counseling,0.058
8421,13,Pneumonia,0.058
5953,2,40118,0.058
7171,2,50042,0.058
3663,18,AZ_SCIP-INF-6,0.058
3238,15,Heart Failure Patients Given Smoking Cessation Advice/Counseling,0.058
6549,7,71639,0.058
3522,14,PN-3B,0.057
2985,14,SCIP-INF-2,0.057
6366,14,CAC-1,0.057
3776,2,30077,0.057
2251,9,2059334515,0.057
9918,18,CA_SCIP-INF-1,0.057
3660,2,30068,0.057
5658,14,SCIP-VTE-1,0.057
887,7,35555,0.057
6832,2,50014,0.057
8273,2,50111,0.057
7338,14,SCIP-CARD-2,0.057
8274,2,50111,0.056
7458,14,PN-3B,0.056
6393,18,AR_SCIP-VTE-2,0.056
4718,14,SCIP-CARD-2,0.056
3112,18,AR_PN-2,0.056
6485,14,PN-7,0.056
2949,9,5203275461,0.056
2330,7,35661,0.056
6642,14,SCIP-VTE-1,0.056
2522,18,AL_SCIP-CARD-2,0.056
3780,18,AZ_PN-5C,0.055
5455,14,SCIP-VTE-1,0.055
2008,7,35125,0.055
7858,15,Pneumonia Patients Assessed and Given Pneumococcal Vaccination,0.055
2877,15,Pneumonia Patients Assessed and Given Pneumococcal Vaccination,0.055
7171,18,CA_PN-4,0.055
3117,18,AR_PN-7,0.055
6921,18,CA_SCIP-VTE-2,0.055
6393,2,41316,0.055
5015,14,PN-2,0.055
9887,15,Pneumonia Patients Whose Initial Emergency Room Blood Culture Was Performed Prior To The Administration Of The First Hospital Dose Of Antibiotics,0.055
5268,18,AR_PN-2,0.055
1743,7,35447,0.055
3023,2,30038,0.055
6514,6,AR,0.055
1107,2,10056,0.055
7607,14,PN-2,0.055
6514,7,71635,0.055
2011,7,35125,0.055
5579,14,SCIP-INF-2,0.055
6557,9,8703824303,0.055
5483,14,CAC-2,0.054
6378,2,41316,0.054
9498,14,SCIP-VTE-1,0.054
8735,15,Heart Failure Patients Given Smoking Cessation Advice/Counseling,0.054
2980,14,PN-5C,0.054
7790,14,SCIP-INF-1,0.054
3726,15,Heart Failure Patients Given Smoking Cessation Advice/Counseling,0.054
5504,14,SCIP-INF-2,0.054
8894,14,SCIP-INF-2,0.054
8797,18,CA_SCIP-INF-6,0.054
735,14,SCIP-INF-1,0.054
9247,14,SCIP-INF-6,0.054
4192,18,AZ_SCIP-INF-6,0.054
5947,15,Pneumonia Patients Whose Initial Emergency Room Blood Culture Was Performed Prior To The Administration Of The First Hospital Dose Of Antibiotics,0.054
9198,14,SCIP-VTE-1,0.054
2428,14,SCIP-VTE-1,0.054
9541,2,50226,0.054
5419,18,AR_PN-3B,0.054
6277,14,PN-3B,0.054
5414,2,40047,0.054
9103,18,CA_AMI-4,0.054
3023,18,AZ_SCIP-VTE-1,0.054
2594,18,AK_PN-2,0.053
6487,2,41321,0.053
9541,14,PN-7,0.053
6919,2,50018,0.053
8890,13,Pneumonia,0.053
3776,18,AZ_HF-4,0.053
6654,15,Heart Failure Patients Given Smoking Cessation Advice/Counseling,0.053
6378,18,AR_HF-3,0.053
858,2,10044,0.053
6408,7,71742,0.053
7857,15,Heart Failure Patients Given Smoking Cessation Advice/Counseling,0.053
5970,15,Heart Failure Patients Given Smoking Cessation Advice/Counseling,0.053
7243,15,Heart Failure Patients Given Smoking Cessation Advice/Counseling,0.053
6355,14,PN-5C,0.053
6477,2,41321,0.053
858,18,AL_AMI-7A,0.053
9546,14,SCIP-INF-4,0.053
3726,18,AZ_HF-4,0.052
6082,18,AR_SCIP-CARD-2,0.052
3444,18,AZ_PN-7,0.052
5123,14,SCIP-INF-2,0.052
5953,18,AR_SCIP-INF-1,0.052
8168,15,Pneumonia Patients Whose Initial Emergency Room Blood Culture Was Performed Prior To The Administration Of The First Hospital Dose Of Antibiotics,0.052
2860,18,AK_SCIP-INF-2,0.052
5748,7,71958,0.052
7858,2,50082,0.052
6360,14,SCIP-INF-2,0.052
9464,14,PN-5C,0.052
3659,2,30068,0.052
3573,15,Heart Failure Patients Given Smoking Cessation Advice/Counseling,0.052
516,18,AL_SCIP-VTE-2,0.052
2947,9,5203275461,0.052
5946,18,AR_PN-2,0.052
899,2,10045,0.052
6909,15,Pneumonia Patients Whose Initial Emergency Room Blood Culture Was Performed Prior To The Administration Of The First Hospital Dose Of Antibiotics,0.052
1817,14,SCIP-CARD-2,0.052
3451,18,AZ_SCIP-VTE-1,0.052
5756,2,40081,0.052
8741,2,50138,0.052
9115,13,Pneumonia,0.052
6485,9,8702452622,0.052
9036,15,Pneumonia Patients Assessed and Given Pneumococcal Vaccination,0.052
5015,15,Pneumonia Patients Assessed and Given Pneumococcal Vaccination,0.052
3525,13,Pneumonia,0.052
2726,15,Heart Failure Patients Given Smoking Cessation Advice/Counseling,0.052
7863,18,CA_PN-7,0.051
5696,15,Pneumonia Patients Assessed and Given Pneumococcal Vaccination,0.051
4719,14,SCIP-INF-1,0.051
430,18,AL_PN-6,0.051
5946,2,40118,0.051
3878,14,PN-3B,0.051
901,18,AL_SCIP-VTE-1,0.051
2973,7,36420,0.051
8860,15,Heart Failure Patients Given Smoking Cessation Advice/Counseling,0.051
8797,14,SCIP-INF-6,0.051
9916,6,CA,0.051
8296,13,Pneumonia,0.051
4437,15,Pneumonia Patients Assessed and Given Pneumococcal Vaccination,0.051
2260,2,01014F,0.051
8271,2,50111,0.051
1732,7,35447,0.051
4193,2,30108,0.051
1042,7,36853,0.051
4760,2,31311,0.051
3186,7,36278,0.051
502,18,AL_HF-4,0.05
5278,2,40027,0.05
9547,2,50226,0.05
6087,18,AR_SCIP-INF-6,0.05
3117,14,PN-7,0.05
1738,2,10109,0.05
6936,15,Pneumonia Patients Assessed and Given Pneumococcal Vaccination,0.05
2269,9,2059334515,0.05
4135,13,Pneumonia,0.05
2027,7,35801,0.05
210,2,10011,0.05
5727,2,40080,0.05
662,7,36278,0.05
2567,7,36274,0.05
2729,2,20024,0.05
5218,15,Pneumonia Patients Assessed and Given Pneumococcal Vaccination,0.05
5947,2,40118,0.05
1456,15,Pneumonia Patients Assessed and Given Pneumococcal Vaccination,0.05
8987,14,PN-3B,0.05
3901,15,Heart Failure Patients Given Smoking Cessation Advice/Counseling,0.05
8797,2,50140,0.05
1456,14,PN-2,0.05
941,15,Heart Failure Patients Given Smoking Cessation Advice/Counseling,0.05
1434,14,PN-5C,0.05
1396,15,Pneumonia Patients Whose Initial Emergency Room Blood Culture Was Performed Prior To The Administration Of The First Hospital Dose Of Antibiotics,0.05
8303,14,SCIP-INF-6,0.05
3734,2,30073,0.05
7883,14,PN-2,0.049
7483,15,Pneumonia Patients Whose Initial Emergency Room Blood Culture Was Performed Prior To The Administration Of The First Hospital Dose Of Antibiotics,0.049
5722,18,AR_PN-3B,0.049
8735,18,CA_HF-4,0.049
4816,13,Pneumonia,0.049
2814,18,AK_SCIP-VTE-1,0.049
9937,14,PN-3B,0.049
2594,6,AK,0.049
8274,18,CA_SCIP-INF-1,0.049
8788,2,50140,0.049
6407,7,71742,0.049
5425,18,AR_SCIP-INF-1,0.049
6082,2,40147,0.049
1388,18,AL_AMI-5,0.049
6909,2,50018,0.049
9546,2,50226,0.049
890,18,AL_PN-3B,0.049
7044,14,PN-2,0.049
2252,2,01014F,0.049
3929,2,30088,0.049
4989,15,Heart Failure Patients Given Smoking Cessation Advice/Counseling,0.049
9583,18,CA_HF-2,0.049
2294,18,AL_SCIP-INF-2,0.049
3048,7,85741,0.049
3146,15,Pneumonia Patients Whose Initial Emergency Room Blood Culture Was Performed Prior To The Administration Of The First Hospital Dose Of Antibiotics,0.049
8068,13,Pneumonia,0.049
5268,15,Pneumonia Patients Assessed and Given Pneumococcal Vaccination,0.049
7728,13,Pneumonia,0.049
9115,14,PN-6,0.049
4616,13,Pneumonia,0.049
890,7,35555,0.049
5851,9,8707772323,0.048
5268,2,40027,0.048
1673,18,AL_AMI-4,0.048
4023,18,AZ_HF-1,0.048
831,5,MANTECA,0.048
6553,9,8703824303,0.048
3933,2,30088,0.048
7483,14,PN-3B,0.048
1049,7,36853,0.048
6841,18,CA_SCIP-INF-2,0.048
686,9,2059344011,0.048
4877,14,CAC-2,0.048
7175,18,CA_SCIP-CARD-2,0.048
6790,14,SCIP-INF-1,0.048
6770,14,SCIP-VTE-1,0.048
4908,9,4797545454,0.048
7044,15,Pneumonia Patients Assessed and Given Pneumococcal Vaccination,0.048
1025,2,10051,0.048
3663,2,30068,0.048
6477,18,AR_HF-2,0.048
3236,6,AZ,0.048
8962,15,Pneumonia Patients Whose Initial Emergency Room Blood Culture Was Performed Prior To The Administration Of The First Hospital Dose Of Antibiotics,0.048
3471,18,AZ_SCIP-INF-1,0.048
2847,7,35960,0.048
7432,14,PN-2,0.048
6909,18,CA_PN-3B,0.048
4377,18,AZ_HF-1,0.048
5756,7,71958,0.048
3776,15,Heart Failure Patients Given Smoking Cessation Advice/Counseling,0.048
8948,14,SCIP-VTE-1,0.048
2989,9,9286396000,0.048
1493,2,10091,0.048
3442,18,AZ_PN-5C,0.048
2677,13,Pneumonia,0.048
6429,15,Heart Failure Patients Given Smoking Cessation Advice/Counseling,0.048
3089,14,SCIP-INF-6,0.048
6403,7,71742,0.048
7883,15,Pneumonia Patients Assessed and Given Pneumococcal Vaccination,0.048
9190,13,Pneumonia,0.047
6745,14,SCIP-VTE-1,0.047
8241,15,Heart Failure Patients Given Smoking Cessation Advice/Counseling,0.047
2973,9,9286396000,0.047
492,2,10022,0.047
9019,14,SCIP-INF-2,0.047
5756,14,SCIP-INF-4,0.047
4866,13,Pneumonia,0.047
3923,2,30088,0.047
4183,18,AZ_PN-4,0.047
8168,18,CA_PN-3B,0.047
6485,7,71923,0.047
3442,2,30037,0.047
3522,15,Pneumonia Patients Whose Initial Emergency Room Blood Culture Was Performed Prior To The Administration Of The First Hospital Dose Of Antibiotics,0.047
6512,14,SCIP-INF-1,0.047
5696,9,5013211000,0.047
400,2,10108,0.047
7052,14,SCIP-INF-2,0.047
6485,18,AR_PN-7,0.047
2580,14,CAC-1,0.047
7854,2,50082,0.047
6538,14,SCIP-INF-2,0.047
9937,15,Pneumonia Patients Whose Initial Emergency Room Blood Culture Was Performed Prior To The Administration Of The First Hospital Dose Of Antibiotics,0.047
6499,7,71635,0.047
2942,7,91740,0.047
5467,15,Heart Failure Patients Given Smoking Cessation Advice/Counseling,0.047
4838,15,Pneumonia Patients Whose Initial Emergency Room Blood Culture Was Performed Prior To The Administration Of The First Hospital Dose Of Antibiotics,0.047
5419,15,Pneumonia Patients Whose Initial Emergency Room Blood Culture Was Performed Prior To The Administration Of The First Hospital Dose Of Antibiotics,0.047
4738,15,Pneumonia Patients Whose Initial Emergency Room Blood Culture Was Performed Prior To The Administration Of The First Hospital Dose Of Antibiotics,0.047
6845,18,CA_SCIP-VTE-1,0.047
9036,14,PN-2,0.047
6762,13,Pneumonia,0.046
502,2,10022,0.046
661,7,36278,0.046
1709,2,10104,0.046
2252,18,AL_AMI-3,0.046
9913,18,CA_PN-4,0.046
1097,18,AL_PN-4,0.046
8784,18,CA_HF-3,0.046
5717,18,AR_HF-1,0.046
5770,15,Heart Failure Patients Given Smoking Cessation Advice/Counseling,0.046
3824,18,AZ_HF-2,0.046
6055,13,Pneumonia,0.046
6921,14,SCIP-VTE-2,0.046
1922,14,SCIP-INF-6,0.046
3400,14,SCIP-INF-6,0.046
8687,15,Pneumonia Patients Whose Initial Emergency Room Blood Culture Was Performed Prior To The Administration Of The First Hospital Dose Of Antibiotics,0.046
3112,2,41313,0.046
2459,2,01019F,0.046
6277,15,Pneumonia Patients Whose Initial Emergency Room Blood Culture Was Performed Prior To The Administration Of The First Hospital Dose Of Antibiotics,0.046
8496,15,Pneumonia Patients Whose Initial Emergency Room Blood Culture Was Performed Prior To The Administration Of The First Hospital Dose Of Antibiotics,0.046
1097,2,10056,0.046
2458,2,01019F,0.046
7336,13,Pneumonia,0.046
890,2,10045,0.046
5756,18,AR_SCIP-INF-4,0.046
9913,2,05025F,0.046
8862,15,Pneumonia Patients Whose Initial Emergency Room Blood Culture Was Performed Prior To The Administration Of The First Hospital Dose Of Antibiotics,0.046
8403,14,SCIP-INF-6,0.046
6075,18,AR_HF-4,0.046
6963,14,PN-4,0.046
2023,5,TURLOCK,0.046
2394,2,10167,0.046
5744,18,AR_HF-3,0.046
7175,2,50042,0.046
3238,7,95695,0.046
3117,2,41313,0.046
4908,7,95926,0.045
2257,2,01014F,0.045
7863,2,50082,0.045
8687,14,PN-3B,0.045
8741,14,PN-7,0.045
2989,7,72396,0.045
3302,7,72120,0.045
5419,2,40047,0.045
911,6,AL,0.045
5278,18,AR_SCIP-INF-4,0.045
1049,18,AL_SCIP-INF-1,0.045
2729,18,AK_PN-4,0.045
6087,2,40147,0.045
1021,7,35462,0.045
7068,15,Heart Failure Patients Given Smoking Cessation Advice/Counseling,0.045
8549,13,Pneumonia,0.045
691,9,2059344011,0.045
3466,18,AZ_PN-4,0.045
3724,2,30073,0.045
9185,15,Heart Failure Patients Given Smoking Cessation Advice/Counseling,0.045
837,5,SELMA,0.045
3573,9,5206940111,0.045
2105,18,AL_AMI-7A,0.045
8741,18,CA_PN-7,0.045
8892,14,SCIP-CARD-2,0.045
6088,14,SCIP-VTE-1,0.045
4908,7,71635,0.045
1885,15,Heart Failure Patients Given Smoking Cessation Advice/Counseling,0.045
2011,5,EUTAW,0.045
8273,18,CA_SCIP-CARD-2,0.045
8393,15,Pneumonia Patients Whose Initial Emergency Room Blood Culture Was Performed Prior To The Administration Of The First Hospital Dose Of Antibiotics,0.045
1732,18,AL_HF-1,0.045
2257,9,2059334515,0.045
2814,7,36502,0.045
5277,18,AR_SCIP-INF-3,0.044
4770,18,AZ_SCIP-INF-2,0.044
3689,14,SCIP-VTE-1,0.044
5946,15,Pneumonia Patients Assessed and Given Pneumococcal Vaccination,0.044
5953,14,SCIP-INF-1,0.044
2518,2,11300,0.044
1034,7,36853,0.044
3878,15,Pneumonia Patients Whose Initial Emergency Room Blood Culture Was Performed Prior To The Administration Of The First Hospital Dose Of Antibiotics,0.044
5169,13,Pneumonia,0.044
2477,2,01019F,0.044
6845,2,50014,0.044
3573,7,35653,0.044
3573,7,72901,0.044
2949,7,72120,0.044
887,18,AL_HF-3,0.044
4205,15,Heart Failure Patients Given Smoking Cessation Advice/Counseling,0.044
3238,9,6028706060,0.044
2278,7,36037,0.044
7165,18,CA_HF-1,0.044
3036,14,PN-2,0.044
2847,9,9072255171,0.044
4384,14,PN-5C,0.044
1615,18,AL_SCIP-INF-3,0.044
8621,15,Pneumonia Patients Whose Initial Emergency Room Blood Culture Was Performed Prior To The Administration Of The First Hospital Dose Of Antibiotics,0.044
3200,9,9284452700,0.044
2942,9,5203275461,0.044
862,7,35570,0.044
3236,9,6028706060,0.044
4768,18,AZ_SCIP-CARD-2,0.044
2279,7,36037,0.044
3784,2,30077,0.044
6969,14,SCIP-INF-2,0.044
5748,18,AR_PN-4,0.044
2457,2,01019F,0.044
3232,7,92243,0.044
9589,14,PN-5C,0.044
3856,13,Pneumonia,0.044
9440,13,Pneumonia,0.044
735,7,35058,0.044
8735,2,50138,0.044
4965,15,Pneumonia Patients Assessed and Given Pneumococcal Vaccination,0.043
3200,7,36207,0.043
8174,2,50104,0.043
3200,7,86313,0.043
5065,15,Pneumonia Patients Assessed and Given Pneumococcal Vaccination,0.043
6075,2,40147,0.043
5748,2,40081,0.043
7854,18,CA_HF-1,0.043
2947,7,91406,0.043
210,18,AL_PN-6,0.043
2189,14,PN-5C,0.043
8962,14,PN-3B,0.043
1997,18,AL_SCIP-INF-6,0.043
3186,9,9284452700,0.043
398,2,10108,0.043
7165,2,50042,0.043
7388,7,72601,0.043
3040,7,91436,0.043
3036,15,Pneumonia Patients Assessed and Given Pneumococcal Vaccination,0.043
844,5,FAIRBANKS,0.043
4760,18,AZ_HF-3,0.043
3200,7,95336,0.043
2008,5,SYLACAUGA,0.043
3466,2,30038,0.043
844,5,OROVILLE,0.043
9894,14,SCIP-INF-2,0.043
3929,18,AZ_PN-4,0.043
5846,14,PN-2,0.043
4434,18,AZ_HF-2,0.043
3236,7,85016,0.043
3236,7,92335,0.043
2726,2,20024,0.043
3236,7,36360,0.043
3200,7,35582,0.043
2860,7,35447,0.043
6393,14,SCIP-VTE-2,0.043
5727,18,AR_SCIP-CARD-2,0.043
2989,14,SCIP-VTE-1,0.043
3236,7,85234,0.043
3014,14,SCIP-VTE-1,0.042
6202,15,Pneumonia Patients Whose Initial Emergency Room Blood Culture Was Performed Prior To The Administration Of The First Hospital Dose Of Antibiotics,0.042
5687,9,5013211000,0.042
901,7,35555,0.042
890,6,AL,0.042
3444,2,30037,0.042
8784,2,50140,0.042
8713,14,PN-4,0.042
3659,18,AZ_SCIP-INF-1,0.042
3660,18,AZ_SCIP-INF-2,0.042
8840,13,Pneumonia,0.042
8171,13,Pneumonia,0.042
9916,2,05025F,0.042
3734,18,AZ_SCIP-INF-1,0.042
8168,2,50104,0.042
5744,2,40081,0.042
9541,18,CA_PN-7,0.042
1738,18,AL_PN-4,0.042
5521,15,Pneumonia Patients Assessed and Given Pneumococcal Vaccination,0.042
5425,2,40047,0.042
2294,7,36037,0.042
3302,9,6023445011,0.041
8788,18,CA_PN-4,0.041
4035,14,SCIP-INF-2,0.041
7432,15,Pneumonia Patients Assessed and Given Pneumococcal Vaccination,0.041
8174,18,CA_SCIP-INF-1,0.041
6288,14,SCIP-VTE-1,0.041
2279,6,AL,0.041
2527,2,11300,0.041
1725,2,10109,0.041
7934,15,Pneumonia Patients Whose Initial Emergency Room Blood Culture Was Performed Prior To The Administration Of The First Hospital Dose Of Antibiotics,0.041
6921,2,50018,0.041
5330,14,SCIP-VTE-1,0.041
9022,14,SCIP-INF-6,0.041
7458,15,Pneumonia Patients Whose Initial Emergency Room Blood Culture Was Performed Prior To The Administration Of The First Hospital Dose Of Antibiotics,0.041
2457,18,AL_AMI-3,0.041
7863,14,PN-7,0.04
1725,7,35447,0.04
6392,18,AR_SCIP-VTE-1,0.04
8165,18,CA_HF-3,0.04
4183,2,30108,0.04
5392,15,Heart Failure Patients Given Smoking Cessation Advice/Counseling,0.04
3111,18,AR_HF-4,0.04
6919,18,CA_SCIP-INF-6,0.04
6832,15,Heart Failure Patients Given Smoking Cessation Advice/Counseling,0.04
887,2,10045,0.04
6841,2,50014,0.04
5278,14,SCIP-INF-4,0.04
6392,2,41316,0.04
5717,2,40080,0.04
5851,7,71801,0.04
5744,7,71958,0.04
3232,9,6028706060,0.04
901,2,10045,0.04
3784,18,AZ_SCIP-INF-1,0.04
7934,14,PN-3B,0.04
3471,2,30038,0.04
6832,18,CA_HF-4,0.04
6555,15,Pneumonia Patients Assessed and Given Pneumococcal Vaccination,0.04
126,7,36049,0.04
1021,2,10051,0.04
5722,15,Pneumonia Patients Whose Initial Emergency Room Blood Culture Was Performed Prior To The Administration Of The First Hospital Dose Of Antibiotics,0.04
9461,15,Pneumonia Patients Assessed and Given Pneumococcal Vaccination,0.039
5277,14,SCIP-INF-3,0.039
8987,15,Pneumonia Patients Whose Initial Emergency Room Blood Culture Was Performed Prior To The Administration Of The First Hospital Dose Of Antibiotics,0.039
2023,7,35125,0.039
218,2,10011,0.039
2726,18,AK_HF-4,0.039
9965,13,Pneumonia,0.039
3048,9,6025321000,0.039
8738,18,CA_PN-4,0.039
4838,14,PN-3B,0.039
1126,14,SCIP-CARD-2,0.039
7365,14,SCIP-INF-2,0.039
4683,18,AZ_HF-1,0.039
3933,18,AZ_SCIP-CARD-2,0.039
8738,2,50138,0.038
2260,18,AL_HF-4,0.038
8686,15,Pneumonia Patients Assessed and Given Pneumococcal Vaccination,0.038
4102,15,Pneumonia Patients Assessed and Given Pneumococcal Vaccination,0.038
3780,2,30077,0.038
8686,14,PN-2,0.038
9918,2,05025F,0.038
4193,18,AZ_SCIP-VTE-1,0.038
126,5,LUVERNE,0.038
3451,2,30037,0.038
8597,14,PN-4,0.038
7789,14,SCIP-CARD-2,0.038
4139,14,SCIP-INF-2,0.037
2522,2,11300,0.037
8165,2,50104,0.037
3146,14,PN-3B,0.037
5521,14,PN-2,0.037
6761,14,PN-5C,0.037
6025,15,Heart Failure Patients Given Smoking Cessation Advice/Counseling,0.037
864,7,35570,0.037
7858,18,CA_PN-2,0.037
8499,13,Pneumonia,0.037
3726,2,30073,0.036
516,2,10022,0.036
7388,9,8185021900,0.036
5218,14,PN-2,0.036
9386,15,Pneumonia Patients Assessed and Given Pneumococcal Vaccination,0.036
9546,18,CA_SCIP-INF-4,0.036
864,2,10044,0.036
6512,7,71635,0.036
979,18,AL_SCIP-VTE-1,0.036
398,18,AL_AMI-8A,0.035
8532,14,SCIP-VTE-1,0.035
9510,15,Heart Failure Patients Given Smoking Cessation Advice/Counseling,0.035
133,5,LUVERNE,0.035
911,18,AL_AMI-7A,0.035
4784,18,AZ_HF-2,0.035
202,2,10011,0.034
6485,2,41321,0.033
3040,9,6025321000,0.033
3186,18,AZ_HF-2,0.033
3444,14,PN-7,0.033
1927,7,36081,0.031
1017,2,10051,0.031
4770,2,31311,0.031
5814,9,8708632000,0.016
5708,9,5013211000,0.016
6477,13,Heart Failure,0.013
646,7,36278,0.012
4784,13,Heart Failure,0.012
3047,7,93703,0.012
218,7,35235,0.012
5706,7,71901,0.012
2732,18,AK_PN-7,0.012
9918,14,SCIP-INF-1,0.012
5558,18,AR_SCIP-VTE-1,0.012
2985,7,36109,0.012
9257,7,95926,0.012
5812,7,71731,0.012
2725,2,20024,0.012
2862,5,KETCHIKAN,0.011
926,15,surgery patients whose preventive antibiotics were stopped at the right time (within 24 hours after surgery),0.011
3191,9,9284452700,0.011
3191,7,72034,0.011
3839,14,SCIP-VTE-1,0.011
1558,7,36092,0.011
2862,7,72118,0.011
8871,14,SCIP-INF-4,0.011
9190,15,Pneumonia Patients Given the Most Appropriate Initial Antibiotic(s),0.011
2861,7,93230,0.011
5366,15,Heart Failure Patients Given ACE Inhibitor or ARB for Left Ventricular Systolic Dysfunction (LVSD),0.011
9257,9,8317244741,0.011
8860,18,CA_HF-4,0.011
4768,14,SCIP-CARD-2,0.011
7175,14,SCIP-CARD-2,0.011
6832,13,Heart Failure,0.011
69,18,AL_SCIP-VTE-2,0.011
3582,14,SCIP-INF-2,0.011
2413,18,AL_HF-2,0.011
3111,13,Heart Failure,0.011
2980,7,36532,0.011
3236,13,Heart Failure,0.011
2980,7,85201,0.011
1260,2,10069,0.011
2418,2,10168,0.011
1738,14,PN-4,0.01
1711,18,AL_PN-7,0.01
7857,13,Heart Failure,0.01
3047,14,SCIP-INF-4,0.01
1318,14,HF-3,0.01
7257,2,50046,0.01
3580,18,AZ_SCIP-CARD-2,0.01
668,9,2059344011,0.01
4102,18,AZ_PN-2,0.01
4437,14,PN-2,0.01
3202,7,36507,0.01
3202,7,36925,0.01
5559,7,71754,0.01
4411,13,Heart Failure,0.01
6055,15,Pneumonia Patients Given the Most Appropriate Initial Antibiotic(s),0.01
3202,7,95476,0.01
3674,13,Heart Failure,0.01
3047,9,6025321000,0.01
2877,14,PN-2,0.01
6025,13,Heart Failure,0.01
7241,15,Heart Failure Patients Given an Evaluation of Left Ventricular Systolic (LVS) Function,0.01
3471,14,SCIP-INF-1,0.009
3625,15,Heart Failure Patients Given ACE Inhibitor or ARB for Left Ventricular Systolic Dysfunction (LVSD),0.009
8296,15,Pneumonia Patients Given the Most Appropriate Initial Antibiotic(s),0.009
147,7,35640,0.009
3824,15,Heart Failure Patients Given an Evaluation of Left Ventricular Systolic (LVS) Function,0.009
661,14,SCIP-INF-2,0.009
1280,18,AL_SCIP-INF-4,0.009
5197,15,Pneumonia Patients Given the Most Appropriate Initial Antibiotic(s),0.009
8493,18,CA_HF-3,0.009
7243,2,50046,0.009
9386,14,PN-2,0.009
5555,14,SCIP-INF-3,0.009
1318,15,Heart Failure Patients Given ACE Inhibitor or ARB for Left Ventricular Systolic Dysfunction (LVSD),0.009
8174,14,SCIP-INF-1,0.009
862,18,AL_HF-3,0.009
5548,18,AR_PN-4,0.009
862,2,10044,0.009
5555,9,8702353000,0.009
9965,15,Pneumonia Patients Given the Most Appropriate Initial Antibiotic(s),0.009
9610,13,Heart Failure,0.009
3724,15,Heart Failure Patients Given an Evaluation of Left Ventricular Systolic (LVS) Function,0.009
8265,15,Heart Failure Patients Given ACE Inhibitor or ARB for Left Ventricular Systolic Dysfunction (LVSD),0.009
9461,14,PN-2,0.009
6841,14,SCIP-INF-2,0.009
7141,15,Heart Failure Patients Given an Evaluation of Left Ventricular Systolic (LVS) Function,0.009
1545,7,36092,0.009
977,7,36330,0.009
7530,15,Heart Failure Patients Given ACE Inhibitor or ARB for Left Ventricular Systolic Dysfunction (LVSD),0.009
5583,14,SCIP-VTE-1,0.009
2409,2,10168,0.009
4102,2,30102,0.009
2260,13,Heart Failure,0.009
3247,18,AZ_SCIP-INF-2,0.009
7257,18,CA_SCIP-VTE-2,0.009
5970,14,HF-4,0.008
210,7,35235,0.008
4738,14,PN-3B,0.008
4989,13,Heart Failure,0.008
6087,14,SCIP-INF-6,0.008
5814,7,71731,0.008
9583,13,Heart Failure,0.008
8935,14,HF-4,0.008
6202,14,PN-3B,0.008
1280,2,10069,0.008
3933,14,SCIP-CARD-2,0.008
8421,15,Pneumonia Patients Given the Most Appropriate Initial Antibiotic(s),0.008
9193,2,50191,0.008
3923,18,AZ_HF-1,0.008
2411,2,10168,0.008
9192,2,50191,0.008
8393,14,PN-3B,0.008
9965,18,CA_PN-6,0.008
6549,18,AR_AMI-7A,0.008
5548,7,71754,0.008
861,2,10044,0.008
9960,13,Heart Failure,0.008
7241,13,Heart Failure,0.008
2413,2,10168,0.008
2518,6,AL,0.008
8273,14,SCIP-CARD-2,0.008
4816,15,Pneumonia Patients Given the Most Appropriate Initial Antibiotic(s),0.008
8890,15,Pneumonia Patients Given the Most Appropriate Initial Antibiotic(s),0.008
2732,2,20024,0.008
9185,18,CA_HF-4,0.008
6555,14,PN-2,0.008
8499,18,CA_PN-6,0.008
9190,18,CA_PN-6,0.008
3586,18,AZ_SCIP-VTE-1,0.008
211,7,35235,0.008
3351,14,SCIP-VTE-1,0.008
8491,18,CA_HF-1,0.008
5555,2,40067,0.008
3389,5,PAYSON,0.008
202,7,35235,0.008
9547,14,SCIP-INF-6,0.008
2949,13,Heart Failure,0.008
3586,2,30064,0.008
1723,18,AL_SCIP-VTE-1,0.008
9193,18,CA_SCIP-INF-1,0.008
7068,13,Heart Failure,0.008
5425,14,SCIP-INF-1,0.008
1885,13,Heart Failure,0.008
7555,15,Heart Failure Patients Given ACE Inhibitor or ARB for Left Ventricular Systolic Dysfunction (LVSD),0.007
750,13,Heart Failure,0.007
9960,2,50262,0.007
5687,7,71901,0.007
6408,9,8703526300,0.007
6429,13,Heart Failure,0.007
2418,18,AL_PN-4,0.007
7257,14,SCIP-VTE-2,0.007
5554,18,AR_SCIP-INF-2,0.007
2861,9,9072255171,0.007
2641,13,Heart Failure,0.007
6019,15,Heart Failure Patients Given ACE Inhibitor or ARB for Left Ventricular Systolic Dysfunction (LVSD),0.007
9969,2,50262,0.007
9968,2,50262,0.007
3202,9,9284452700,0.007
4866,15,Pneumonia Patients Given the Most Appropriate Initial Antibiotic(s),0.007
4624,14,SCIP-VTE-1,0.007
8621,14,PN-3B,0.007
8496,18,CA_PN-3B,0.007
2860,14,SCIP-INF-2,0.007
2641,15,Heart Failure Patients Given an Evaluation of Left Ventricular Systolic (LVS) Function,0.007
5558,2,40067,0.007
3466,14,PN-4,0.007
8784,15,Heart Failure Patients Given ACE Inhibitor or ARB for Left Ventricular Systolic Dysfunction (LVSD),0.007
3573,2,30064,0.007
661,2,10032,0.007
5548,2,40067,0.007
2949,15,Heart Failure Patients Given an Evaluation of Left Ventricular Systolic (LVS) Function,0.007
3047,18,AZ_SCIP-INF-4,0.007
1567,7,36092,0.007
6905,14,HF-2,0.007
3040,18,AZ_PN-5C,0.007
290,2,10016,0.007
858,7,35570,0.007
6378,15,Heart Failure Patients Given ACE Inhibitor or ARB for Left Ventricular Systolic Dysfunction (LVSD),0.007
182,2,10010,0.007
966,7,36330,0.007
3186,15,Heart Failure Patients Given an Evaluation of Left Ventricular Systolic (LVS) Function,0.007
5696,14,PN-2,0.007
664,18,AL_SCIP-INF-6,0.007
8735,13,Heart Failure,0.007
2862,18,AK_SCIP-INF-4,0.007
3238,18,AZ_HF-4,0.007
3734,14,SCIP-INF-1,0.007
3048,18,AZ_SCIP-INF-6,0.007
926,13,Surgical Infection Prevention,0.007
6075,13,Heart Failure,0.007
939,13,Heart Failure,0.007
1759,15,Heart Failure Patients Given ACE Inhibitor or ARB for Left Ventricular Systolic Dysfunction (LVSD),0.006
861,15,Heart Failure Patients Given an Evaluation of Left Ventricular Systolic (LVS) Function,0.006
7241,18,CA_HF-2,0.006
3247,2,30014,0.006
1544,6,AL,0.006
4876,14,CAC-1,0.006
2862,6,AK,0.006
1550,2,10097,0.006
6555,9,8703824303,0.006
9185,13,Heart Failure,0.006
2862,9,9072255171,0.006
6845,14,SCIP-VTE-1,0.006
3048,2,30102,0.006
941,13,Heart Failure,0.006
5894,14,HF-3,0.006
5727,14,SCIP-CARD-2,0.006
5748,14,PN-4,0.006
6403,9,8703526300,0.006
8171,15,Pneumonia Patients Given the Most Appropriate Initial Antibiotic(s),0.006
4135,15,Pneumonia Patients Given the Most Appropriate Initial Antibiotic(s),0.006
5555,18,AR_SCIP-INF-3,0.006
8493,15,Heart Failure Patients Given ACE Inhibitor or ARB for Left Ventricular Systolic Dysfunction (LVSD),0.006
6403,15,Heart Failure Patients Given ACE Inhibitor or ARB for Left Ventricular Systolic Dysfunction (LVSD),0.006
288,2,10016,0.006
750,15,Heart Failure Patients Given an Evaluation of Left Ventricular Systolic (LVS) Function,0.006
185,2,10010,0.006
5824,7,71731,0.006
8496,2,50125,0.006
3856,15,Pneumonia Patients Given the Most Appropriate Initial Antibiotic(s),0.006
648,7,36278,0.006
4205,13,Heart Failure,0.006
8869,2,50150,0.006
9969,18,CA_SCIP-INF-2,0.006
6082,14,SCIP-CARD-2,0.006
5770,14,HF-4,0.006
1025,18,AL_SCIP-INF-2,0.006
6654,13,Heart Failure,0.006
7247,2,50046,0.006
8549,14,PN-6,0.006
1545,2,10097,0.006
5812,9,8708632000,0.006
5558,9,8702353000,0.006
4102,9,6025321000,0.006
690,9,2059344011,0.006
1558,2,10097,0.006
9965,2,50262,0.006
861,13,Heart Failure,0.006
1997,14,SCIP-INF-6,0.006
3573,13,Heart Failure,0.006
399,2,10108,0.006
1276,2,10069,0.006
5811,9,8708632000,0.006
861,7,35570,0.006
6487,14,SCIP-INF-1,0.006
8871,2,50150,0.006
9334,15,Heart Failure Patients Given ACE Inhibitor or ARB for Left Ventricular Systolic Dysfunction (LVSD),0.006
2251,18,AL_AMI-2,0.006
5696,7,71901,0.006
6681,15,Heart Failure Patients Given ACE Inhibitor or ARB for Left Ventricular Systolic Dysfunction (LVSD),0.006
3047,2,30102,0.006
4770,14,SCIP-INF-2,0.006
5894,15,Heart Failure Patients Given ACE Inhibitor or ARB for Left Ventricular Systolic Dysfunction (LVSD),0.006
258,18,AL_PN-4,0.006
954,7,36033,0.006
974,7,36330,0.006
2814,6,AK,0.006
6919,14,SCIP-INF-6,0.006
6407,9,8703526300,0.006
8499,15,Pneumonia Patients Given the Most Appropriate Initial Antibiotic(s),0.006
2725,13,Heart Failure,0.006
9440,15,Pneumonia Patients Given the Most Appropriate Initial Antibiotic(s),0.006
5197,14,PN-6,0.005
6706,15,Heart Failure Patients Given ACE Inhibitor or ARB for Left Ventricular Systolic Dysfunction (LVSD),0.005
5744,6,AR,0.005
4659,13,Heart Failure,0.005
8871,18,CA_SCIP-INF-4,0.005
3775,15,Heart Failure Patients Given ACE Inhibitor or ARB for Left Ventricular Systolic Dysfunction (LVSD),0.005
2985,9,9286396000,0.005
5467,13,Heart Failure,0.005
3236,15,Heart Failure Patients Given an Evaluation of Left Ventricular Systolic (LVS) Function,0.005
8274,14,SCIP-INF-1,0.005
8935,13,Heart Failure,0.005
661,18,AL_SCIP-INF-2,0.005
3850,15,Heart Failure Patients Given ACE Inhibitor or ARB for Left Ventricular Systolic Dysfunction (LVSD),0.005
940,7,36033,0.005
1550,7,36092,0.005
8241,13,Heart Failure,0.005
9190,2,50191,0.005
8118,14,PN-6,0.005
6534,15,Pneumonia Patients Given the Most Appropriate Initial Antibiotic(s),0.005
8271,15,Pneumonia Patients Given the Most Appropriate Initial Antibiotic(s),0.005
1396,14,PN-3B,0.005
1723,2,10108,0.005
3724,13,Heart Failure,0.005
2814,5,SITKA,0.005
436,13,Heart Failure,0.005
4192,14,SCIP-INF-6,0.005
3784,14,SCIP-INF-1,0.005
9185,2,50191,0.005
7336,15,Pneumonia Patients Given the Most Appropriate Initial Antibiotic(s),0.005
979,7,36330,0.005
6762,15,Pneumonia Patients Given the Most Appropriate Initial Antibiotic(s),0.005
1567,18,AL_SCIP-INF-6,0.005
271,2,10016,0.005
941,7,36033,0.005
218,18,AL_SCIP-VTE-1,0.005
8499,2,50125,0.005
8862,18,CA_PN-3B,0.005
3659,14,SCIP-INF-1,0.005
9583,15,Heart Failure Patients Given an Evaluation of Left Ventricular Systolic (LVS) Function,0.005
4659,15,Heart Failure Patients Given an Evaluation of Left Ventricular Systolic (LVS) Function,0.005
1276,18,AL_SCIP-CARD-2,0.005
3674,15,Heart Failure Patients Given an Evaluation of Left Ventricular Systolic (LVS) Function,0.005
8738,14,PN-4,0.005
8491,2,50125,0.005
5548,14,PN-4,0.005
7247,18,CA_PN-5C,0.005
8118,15,Pneumonia Patients Given the Most Appropriate Initial Antibiotic(s),0.005
5127,14,SCIP-VTE-1,0.005
3824,13,Heart Failure,0.005
3724,18,AZ_HF-2,0.005
3040,2,30102,0.005
4616,15,Pneumonia Patients Given the Most Appropriate Initial Antibiotic(s),0.005
8860,2,50150,0.005
3599,15,Heart Failure Patients Given an Evaluation of Left Ventricular Systolic (LVS) Function,0.005
3901,13,Heart Failure,0.005
4102,7,85016,0.005
530,18,AL_PN-4,0.005
5811,7,71731,0.005
2527,18,AL_SCIP-INF-6,0.004
8087,15,Heart Failure Patients Given ACE Inhibitor or ARB for Left Ventricular Systolic Dysfunction (LVSD),0.004
8493,2,50125,0.004
3663,14,SCIP-INF-6,0.004
5548,6,AR,0.004
1567,2,10097,0.004
7241,2,50046,0.004
7247,14,PN-5C,0.004
2410,18,AL_AMI-7A,0.004
837,15,Heart Failure Patients Given ACE Inhibitor or ARB for Left Ventricular Systolic Dysfunction (LVSD),0.004
9968,18,CA_SCIP-INF-1,0.004
4434,15,Heart Failure Patients Given an Evaluation of Left Ventricular Systolic (LVS) Function,0.004
3582,18,AZ_SCIP-INF-2,0.004
3950,15,Heart Failure Patients Given ACE Inhibitor or ARB for Left Ventricular Systolic Dysfunction (LVSD),0.004
3249,18,AZ_SCIP-INF-4,0.004
8862,2,50150,0.004
399,18,AL_HF-1,0.004
6403,13,Heart Failure,0.004
5554,9,8702353000,0.004
3660,14,SCIP-INF-2,0.004
664,2,10032,0.004
3780,14,PN-5C,0.004
861,18,AL_HF-2,0.004
3389,6,AZ,0.004
4760,15,Heart Failure Patients Given ACE Inhibitor or ARB for Left Ventricular Systolic Dysfunction (LVSD),0.004
6549,9,8703824303,0.004
9913,14,PN-4,0.004
3238,2,30014,0.004
3776,13,Heart Failure,0.004
8788,14,PN-4,0.004
6002,7,71901,0.003
2980,9,9286396000,0.003
6905,15,Heart Failure Patients Given an Evaluation of Left Ventricular Systolic (LVS) Function,0.003
8068,15,Pneumonia Patients Given the Most Appropriate Initial Antibiotic(s),0.003
5706,9,5013211000,0.003
3573,18,AZ_HF-4,0.003
7243,18,CA_HF-4,0.003
3726,13,Heart Failure,0.003
3525,15,Pneumonia Patients Given the Most Appropriate Initial Antibiotic(s),0.003
1235,18,AL_AMI-2,0.003
3249,14,SCIP-INF-4,0.003
3249,2,30014,0.003
5466,15,Heart Failure Patients Given ACE Inhibitor or ARB for Left Ventricular Systolic Dysfunction (LVSD),0.003
9192,18,CA_SCIP-CARD-2,0.003
5554,14,SCIP-INF-2,0.003
2411,7,36867,0.003
3625,13,Heart Failure,0.003
3580,2,30064,0.003
3582,2,30064,0.003
3494,15,Heart Failure Patients Given ACE Inhibitor or ARB for Left Ventricular Systolic Dysfunction (LVSD),0.003
7728,15,Pneumonia Patients Given the Most Appropriate Initial Antibiotic(s),0.003
7141,13,Heart Failure,0.003
150,7,35640,0.003
5744,15,Heart Failure Patients Given ACE Inhibitor or ARB for Left Ventricular Systolic Dysfunction (LVSD),0.003
4965,14,PN-2,0.003
5946,14,PN-2,0.003
662,2,10032,0.003
3186,13,Heart Failure,0.003
5169,15,Pneumonia Patients Given the Most Appropriate Initial Antibiotic(s),0.003
7171,14,PN-4,0.003
9510,13,Heart Failure,0.003
5392,13,Heart Failure,0.003
9448,14,SCIP-VTE-1,0.003
8869,18,CA_SCIP-INF-2,0.003
5554,2,40067,0.003
233,18,AL_PN-4,0.002
664,14,SCIP-INF-6,0.002
151,6,AL,0.002
9960,18,CA_HF-4,0.002
8840,15,Pneumonia Patients Given the Most Appropriate Initial Antibiotic(s),0.002
4183,14,PN-4,0.002
2725,18,AK_HF-3,0.002
3442,14,PN-5C,0.002
3580,14,SCIP-CARD-2,0.002
133,7,36049,0.002
3451,14,SCIP-VTE-1,0.002
2477,18,AL_SCIP-INF-6,0.002
3236,2,30014,0.002
5559,9,8702353000,0.002
4784,15,Heart Failure Patients Given an Evaluation of Left Ventricular Systolic (LVS) Function,0.002
5947,14,PN-3B,0.002
9887,14,PN-3B,0.002
6398,9,8703526300,0.002
3850,13,Heart Failure,0.002
7243,13,Heart Failure,0.002
2448,18,AL_SCIP-INF-1,0.002
648,2,10032,0.002
9969,14,SCIP-INF-2,0.001
2104,6,AL,0.001
6909,14,PN-3B,0.001
1097,5,SCOTTSDALE,0.001
3770,7,95969,0.001
7555,13,Heart Failure,0.001
3770,7,71701,0.001
3770,7,95128,0.001
9916,18,CA_PN-7,0.001
9510,14,HF-4,0.001
3770,7,90255,0.001
837,7,35045,0.001
6249,13,Heart Failure,0.001
3770,7,93463,0.001
1276,7,36027,0.001
3770,7,36426,0.001
3014,6,AZ,0.001
6476,13,Heart Failure,0.001
1097,5,SAN CARLOS,0.001
3040,14,PN-5C,0.001
3770,7,95020,0.001
583,18,AL_PN-7,0.001
7530,13,Heart Failure,0.001
8168,14,PN-3B,0.001
1271,7,36027,0.001
2062,18,AL_PN-3B,0.001
939,18,AL_HF-2,0.001
3770,7,94589,0.001
6553,13,Heart Failure,0.001
3770,7,85027,0.001
2401,18,AL_SCIP-INF-4,0.001
2418,7,36867,0.001
1280,7,36027,0.001
1107,18,AL_SCIP-VTE-1,0.001
837,13,Heart Failure,0.001
1260,7,36027,0.001
1271,18,AL_PN-3B,0.001
2726,13,Heart Failure,0.001
954,18,AL_SCIP-VTE-1,0.001
5824,9,8708632000,0.001
2428,7,36867,0.001
944,18,AL_PN-4,0.001
3283,13,Heart Attack,0.001
1282,7,36027,0.001
1266,2,10069,0.001
8265,13,Heart Failure,0.001
3770,7,71852,0.001
176,18,AL_AMI-8A,0.001
2568,18,AL_PN-4,0.001
646,18,AL_AMI-5,0.001
3023,14,SCIP-VTE-1,0.001
4567,6,AZ,0.001
941,2,10047,0.001
8087,13,Heart Failure,0.001
4229,14,HF-3,0.001
5717,15,Heart Failure Patients Given Discharge Instructions,0.001
1092,5,FORT PAYNE,0.001
1759,13,Heart Failure,0.001
3770,7,86040,0.001
3770,7,92056,0.001
831,7,35045,0.001
2418,14,PN-4,0.001
5555,7,71754,0.001
1092,5,LAKE VILLAGE,0.001
3770,7,95501,0.001
3770,7,95642,0.001
944,2,10047,0.001
1104,5,VALLEY,0.001
1104,5,HARRISON,0.001
8684,14,HF-3,0.001
3770,7,85260,0.001
939,2,10047,0.001
3048,14,SCIP-INF-6,0.001
3929,14,PN-4,0.001
3494,13,Heart Failure,0.001
3254,18,AZ_AMI-2,0.001
8493,13,Heart Failure,0.001
1097,5,SAN PABLO,0.001
6601,13,Heart Failure,0.001
8684,13,Heart Failure,0.001
4760,13,Heart Failure,0.001
3770,7,72653,0.001
3770,7,85602,0.001
8784,13,Heart Failure,0.001
2167,18,AL_SCIP-CARD-2,0.001
4706,13,Heart Attack,0.001
1097,5,SEARCY,0.001
9334,13,Heart Failure,0.001
954,2,10047,0.001
2410,7,36867,0.001
9193,14,SCIP-INF-1,0.001
1092,5,SAN JOSE,0.001
9500,14,AMI-1,0
1271,15,Pneumonia Patients Whose Initial Emergency Room Blood Culture Was Performed Prior To The Administration Of The First Hospital Dose Of Antibiotics,0
2401,5,SITKA,0
2392,5,YORK,0
7644,13,Heart Attack,0
2398,5,NORTHRIDGE,0
2401,5,CORONADO,0
646,6,AL,0
2401,5,SAN DIEGO,0
2401,5,POLACCA,0
2398,5,FORT SMITH,0
4558,13,Heart Failure,0
2401,5,VALLEY,0
1887,13,Pneumonia,0
185,13,Pneumonia,0
8356,18,CA_AMI-1,0
2392,5,GARDEN GROVE,0
2401,5,PIGGOTT,0
2392,5,SYLACAUGA,0
2392,5,FAYETTE,0
2392,5,NASHVILLE,0
2392,5,FOLEY,0
2392,5,SAN GABRIEL,0
2392,5,NOVATO,0
2392,5,HARTSELLE,0
3525,14,PN-6,0
2392,5,WICKENBURG,0
2392,5,WALNUT CREEK,0
2392,5,FORT DEFIANCE,0
2392,5,LAGUNA BEACH,0
2392,5,ARCADIA,0
2392,5,FORT PAYNE,0
2392,5,LUVERNE,0
2392,5,EVERGREEN,0
2392,5,OAKDALE,0
2392,5,JUNEAU,0
2392,5,MORRILTON,0
2392,5,RED BLUFF,0
2392,5,MONTGOMERY,0
2392,5,LONG BEACH,0
2401,5,CLARKSVILLE,0
2392,5,WHITTIER,0
2392,5,PAGE,0
7265,13,Heart Attack,0
2392,5,FONTANA,0
2401,5,FOLEY,0
2392,5,NEWPORT BEACH,0
2401,5,MURFREESBORO,0
2401,5,WARREN,0
1476,15,Heart Attack Patients Given PCI Within 90 Minutes Of Arrival,0
69,6,AL,0
2398,5,GADSDEN,0
2398,5,CASTRO VALLEY,0
2401,5,GLENDALE,0
2401,5,REEDLEY,0
2398,5,CHINLE,0
2392,5,BIRMINGHAM,0
9256,14,AMI-8A,0
2398,5,NAPA,0
2398,5,JUNEAU,0
2398,5,BOAZ,0
2398,5,YORK,0
2398,5,BISBEE,0
2398,5,PARKER,0
8362,18,CA_AMI-8A,0
2398,5,RED BLUFF,0
2398,5,PRESCOTT,0
2398,5,HANFORD,0
2398,5,HOPE,0
2398,5,SANTA MONICA,0
2398,5,SAN BERNARDINO,0
2398,5,WINFIELD,0
1260,18,AL_AMI-2,0
2817,14,AMI-2,0
2392,5,POLACCA,0
2401,5,ANAHEIM,0
2392,5,COLTON,0
2398,5,PANORAMA CITY,0
3300,6,AZ,0
5185,15,Heart Attack Patients Given Smoking Cessation Advice/Counseling,0
2398,5,PORTERVILLE,0
2401,5,OJAI,0
2392,5,CARMICHAEL,0
7555,14,HF-3,0
2392,5,SCOTTSDALE,0
2392,5,ANNISTON,0
2401,5,HAYWARD,0
974,13,Surgical Infection Prevention,0
2392,5,ANCHORAGE,0
2401,5,LOS ANGELES,0
2392,5,OROVILLE,0
2401,5,LAKE HAVASU CITY,0
2401,5,FAIRBANKS,0
3232,5,PHOENIX,0
2401,5,ORANGE,0
2392,5,MURFREESBORO,0
2392,5,PIGGOTT,0
2401,5,NAPA,0
2392,5,SACRAMENTO,0
2401,5,PARADISE,0
2401,5,EL CENTRO,0
2401,5,SAN CARLOS,0
2398,5,STUTTGART,0
2392,5,ORANGE,0
3238,6,AZ,0
2401,5,NASHVILLE,0
2392,5,FLORALA,0
2401,5,NORTHPORT,0
2392,5,LA MESA,0
2398,5,ATMORE,0
2392,5,GOODYEAR,0
2401,5,ESCONDIDO,0
8265,14,HF-3,0
2392,5,VAN BUREN,0
2401,5,LYNWOOD,0
2392,5,LITTLE ROCK,0
2401,5,GOODYEAR,0
2401,5,SAN GABRIEL,0
2401,5,MONTEREY,0
2401,5,BENTON,0
2398,5,VAN NUYS,0
2392,5,FAYETTEVILLE,0
2401,5,SHEFFIELD,0
2392,5,BLYTHEVILLE,0
2401,5,SANTA MONICA,0
2401,5,HUNTSVILLE,0
2398,5,POMONA,0
2392,5,GEORGIANA,0
2401,5,MONTICELLO,0
5438,14,AMI-8A,0
2401,5,HOPE,0
2392,5,VALLEJO,0
2392,5,POCAHONTAS,0
2392,5,COTTONWOOD,0
2392,5,WALDRON,0
2392,5,NORWALK,0
2392,5,ENTERPRISE,0
2392,5,PHENIX CITY,0
2392,5,EUREKA,0
2392,5,HALEYVILLE,0
2392,5,STOCKTON,0
2398,5,THOMASVILLE,0
9253,13,Heart Attack,0
2392,5,POMONA,0
2398,5,TROY,0
862,14,HF-3,0
2392,5,UNION SPRINGS,0
2392,5,ESCONDIDO,0
2392,5,NORTH LITTLE ROCK,0
2392,5,PINE BLUFF,0
2392,5,WRANGELL,0
8496,14,PN-3B,0
2204,15,Heart Attack Patients Given Beta Blocker at Discharge,0
2398,5,UNION SPRINGS,0
2392,5,MANTECA,0
2392,5,OZARK,0
2392,5,SHEFFIELD,0
2392,5,SAN BERNARDINO,0
2398,5,GILROY,0
2392,5,CASTRO VALLEY,0
2392,5,GLENDALE,0
2392,5,HARRISON,0
9227,15,Heart Attack Patients Given ACE Inhibitor or ARB for Left Ventricular Systolic Dysfunction (LVSD),0
3670,13,Heart Attack,0
2398,15,surgery patients who were given an antibiotic at the right time (within one hour before surgery) to help prevent infection,0
7852,15,Heart Attack Patients Given Fibrinolytic Medication Within 30 Minutes Of Arrival,0
2398,5,CAMDEN,0
3232,15,Heart Attack Patients Given Beta Blocker at Discharge,0
2398,5,MONROEVILLE,0
4250,14,AMI-7A,0
5744,13,Heart Failure,0
5616,15,Heart Attack Patients Given PCI Within 90 Minutes Of Arrival,0
6475,14,AMI-8A,0
7998,13,Heart Attack,0
2398,5,HUNTSVILLE,0
2398,5,NEWPORT BEACH,0
25,7,36302,0
2392,5,LAKE HAVASU CITY,0
2392,5,SPRINGDALE,0
2392,5,CASA GRANDE,0
2392,5,BAY MINETTE,0
2392,5,OSCEOLA,0
2392,5,FRENCH CAMP,0
2392,5,PARADISE,0
2392,5,PARAGOULD,0
2401,5,MARYSVILLE,0
2392,5,SOUTH SAN FRANCISCO,0
9656,14,AMI-8A,0
2392,5,GUNTERSVILLE,0
2401,5,ALABASTER,0
2392,5,MAGNOLIA,0
2392,5,EL DORADO,0
2401,5,ANNISTON,0
2392,5,NATIONAL CITY,0
2392,5,BETHEL,0
2401,5,CENTRE,0
2392,5,SANTA MARIA,0
2392,5,SIERRA VISTA,0
2401,5,OPELIKA,0
2392,5,PANORAMA CITY,0
2392,5,OXNARD,0
2401,5,HOT SPRINGS,0
2392,5,WETUMPKA,0
2392,5,PAYSON,0
2401,5,CARMICHAEL,0
2392,5,MUSCLE SHOALS,0
2392,5,PRESCOTT,0
2401,5,VENTURA,0
2392,5,GRASS VALLEY,0
2401,5,DOTHAN,0
2401,5,NO LITTLE ROCK,0
2401,5,BENSON,0
2401,5,ROANOKE,0
2401,5,ARKADELPHIA,0
2401,5,UNION SPRINGS,0
2401,5,DOUGLAS,0
2401,5,DECATUR,0
2401,5,WHITTIER,0
2401,5,MUSCLE SHOALS,0
2401,5,MONROEVILLE,0
2401,5,WYNNE,0
2401,5,FONTANA,0
2392,5,HOMER,0
2392,5,EUFAULA,0
2392,5,PHOENIX,0
2392,5,SELMA,0
2392,5,ANDALUSIA,0
5559,6,AR,0
2398,5,SAN MATEO,0
2398,5,DUMAS,0
2398,5,PINE BLUFF,0
2398,5,REEDLEY,0
2398,5,GRASS VALLEY,0
2084,15,Heart Failure Patients Given ACE Inhibitor or ARB for Left Ventricular Systolic Dysfunction (LVSD),0
2252,15,Heart Attack Patients Given ACE Inhibitor or ARB for Left Ventricular Systolic Dysfunction (LVSD),0
2392,5,VALLEY,0
3099,5,SHERWOOD,0
2392,5,JONESBORO,0
2392,5,STUTTGART,0
2392,5,CLARKSVILLE,0
2392,5,MARYSVILLE,0
5814,18,AR_AMI-5,0
2392,5,OPELIKA,0
2392,5,SCOTTSBORO,0
974,15,surgery patients who were given an antibiotic at the right time (within one hour before surgery) to help prevent infection,0
2392,5,GLOBE,0
2392,5,OJAI,0
2392,5,OAKLAND,0
2392,5,SPRINGERVILLE,0
2392,5,RED BAY,0
2392,5,SANTA ROSA,0
2392,5,MONTEREY,0
2392,5,HOLLYWOOD,0
1573,18,AL_AMI-4,0
1388,13,Heart Attack,0
2392,5,HAMILTON,0
2392,5,WARREN,0
8491,13,Heart Failure,0
3112,6,AR,0
2392,5,NEWPORT,0
2563,18,AL_HF-2,0
2392,5,SYLMAR,0
2392,5,MENA,0
2392,5,SOLDOTNA,0
2392,5,MOUNTAIN HOME,0
2392,5,PRESCOTT VALLEY,0
2392,5,PRATTVILLE,0
2392,5,CHICO,0
2392,5,GANADO,0
2392,5,FORT MOHAVE,0
2392,5,WINSLOW,0
2392,5,PETALUMA,0
2392,5,WYNNE,0
2392,5,WEST MEMPHIS,0
2392,5,CLINTON,0
2392,5,SAN LUIS OBISPO,0
2392,5,BENTON,0
2392,5,MONROEVILLE,0
2392,5,GLENDORA,0
2392,5,DECATUR,0
2392,5,TROY,0
2392,5,CHINLE,0
12,6,AL,0
2167,15,surgery patients who were taking heart drugs called beta blockers before coming to the hospital&#54; who were kept on the beta blockers during the period just before and after their surgery,0
8184,14,AMI-4,0
2398,5,FORREST CITY,0
2398,5,RIVERSIDE,0
2398,5,CARROLLTON,0
2398,5,BOONEVILLE,0
2398,5,PALMER,0
2398,5,WETUMPKA,0
2398,5,TURLOCK,0
2398,5,ESCONDIDO,0
2398,5,GLENDORA,0
2398,5,SHEFFIELD,0
2398,5,JASPER,0
2398,5,GARDEN GROVE,0
2398,5,FONTANA,0
6706,14,HF-3,0
3099,6,AR,0
9356,15,Heart Attack Patients Given PCI Within 90 Minutes Of Arrival,0
1624,18,AL_AMI-5,0
3586,14,SCIP-VTE-1,0
5213,14,AMI-8A,0
3202,6,AZ,0
2401,5,BURBANK,0
2401,5,SCOTTSBORO,0
3355,14,AMI-3,0
2294,15,surgery patients who were given the  right kind  of antibiotic to help prevent infection,0
399,14,HF-1,0
2609,15,Heart Attack Patients Given Aspirin at Discharge,0
151,15,Heart Attack Patients Given PCI Within 90 Minutes Of Arrival,0
6019,14,HF-3,0
2401,5,SAN JOSE,0
2862,15,all heart surgery patients whose blood sugar (blood glucose) is kept under good control in the days right after surgery,0
2401,5,SPRINGDALE,0
2401,5,BERRYVILLE,0
2401,5,OROVILLE,0
2401,5,PALM SPRINGS,0
3919,14,AMI-4,0
516,15,patients who got treatment  at the right time (within 24 hours before or after their surgery) to help prevent blood clots after certain types of surgery,0
2401,5,KING CITY,0
2401,5,FAIRHOPE,0
9606,14,AMI-8A,0
2401,5,SPRINGERVILLE,0
2401,5,GADSDEN,0
2401,5,MCGEHEE,0
2401,5,BANNING,0
2401,5,NOVATO,0
2401,5,CROSSETT,0
6374,15,Heart Attack Patients Given Fibrinolytic Medication Within 30 Minutes Of Arrival,0
2401,5,HARRISON,0
686,7,35233,0
2459,15,Heart Attack Patients Given Beta Blocker at Discharge,0
2693,15,Heart Attack Patients Given ACE Inhibitor or ARB for Left Ventricular Systolic Dysfunction (LVSD),0
2726,14,HF-4,0
5638,15,Heart Attack Patients Given Smoking Cessation Advice/Counseling,0
2693,6,AK,0
6832,14,HF-4,0
1956,15,Heart Attack Patients Given PCI Within 90 Minutes Of Arrival,0
2398,5,STOCKTON,0
8660,18,CA_AMI-2,0
1725,13,Heart Attack,0
3726,14,HF-4,0
2398,5,WEST MEMPHIS,0
2784,15,surgery patients who were given an antibiotic at the right time (within one hour before surgery) to help prevent infection,0
1422,13,Heart Attack,0
5160,14,AMI-8A,0
4377,15,Heart Failure Patients Given Discharge Instructions,0
3200,6,AZ,0
1699,18,AL_AMI-5,0
1732,14,HF-1,0
5812,6,AR,0
2563,15,Heart Failure Patients Given an Evaluation of Left Ventricular Systolic (LVS) Function,0
8665,14,AMI-8A,0
5335,13,Heart Attack,0
1472,15,Heart Attack Patients Given ACE Inhibitor or ARB for Left Ventricular Systolic Dysfunction (LVSD),0
2104,14,AMI-5,0
1021,15,Pneumonia Patients Given the Most Appropriate Initial Antibiotic(s),0
2401,5,HAMILTON,0
2398,5,MOUNTAIN VIEW,0
6475,15,Heart Attack Patients Given PCI Within 90 Minutes Of Arrival,0
9578,14,AMI-4,0
2726,6,AK,0
4904,15,Heart Attack Patients Given Aspirin at Arrival,0
9028,14,AMI-4,0
2105,14,AMI-7A,0
2398,5,SITKA,0
139,14,SCIP-INF-2,0
2398,5,WRANGELL,0
4778,13,Heart Attack,0
2448,13,Surgical Infection Prevention,0
2398,5,TUCSON,0
2075,18,AL_AMI-1,0
7139,13,Heart Attack,0
4751,14,AMI-1,0
3944,18,AZ_AMI-4,0
5392,14,HF-4,0
2398,5,OXNARD,0
6601,15,Heart Failure Patients Given Discharge Instructions,0
2398,5,SAN LUIS OBISPO,0
2398,5,OZARK,0
2398,5,MANTECA,0
2398,5,RUSSELLVILLE,0
2398,5,WYNNE,0
3354,14,AMI-2,0
2398,5,PAYSON,0
2401,5,MOBILE,0
1934,13,Heart Failure,0
1092,15,Heart Failure Patients Given an Evaluation of Left Ventricular Systolic (LVS) Function,0
182,5,GUNTERSVILLE,0
8665,18,CA_AMI-8A,0
9350,15,Heart Attack Patients Given Aspirin at Arrival,0
2847,14,AMI-8A,0
3048,5,PHOENIX,0
2398,5,OPP,0
8513,15,Heart Attack Patients Given Beta Blocker at Discharge,0
5613,14,AMI-4,0
2401,5,BAY MINETTE,0
2401,15,all heart surgery patients whose blood sugar (blood glucose) is kept under good control in the days right after surgery,0
4434,14,HF-2,0
2260,14,HF-4,0
5761,14,AMI-2,0
150,15,Heart Attack Patients Given Fibrinolytic Medication Within 30 Minutes Of Arrival,0
172,15,Heart Attack Patients Given ACE Inhibitor or ARB for Left Ventricular Systolic Dysfunction (LVSD),0
9806,18,CA_AMI-8A,0
9028,15,Heart Attack Patients Given Smoking Cessation Advice/Counseling,0
2401,5,CASA GRANDE,0
939,7,36033,0
3300,5,PHOENIX,0
2401,5,LAKE VILLAGE,0
133,15,Pneumonia Patients Given Smoking Cessation Advice/Counseling,0
2313,15,Pneumonia Patients Given Smoking Cessation Advice/Counseling,0
2401,5,EUFAULA,0
151,18,AL_AMI-8A,0
1182,15,surgery patients whose doctors ordered treatments to prevent blood clots after certain types of surgeries,0
2401,5,DEMOPOLIS,0
1025,15,surgery patients who were given the  right kind  of antibiotic to help prevent infection,0
9656,15,Heart Attack Patients Given PCI Within 90 Minutes Of Arrival,0
2401,5,REDWOOD CITY,0
3238,14,HF-4,0
2401,5,UPLAND,0
2401,5,GLENDORA,0
12,2,10019,0
5585,14,AMI-1,0
2401,5,CASTRO VALLEY,0
2401,5,GILROY,0
2401,5,PAGE,0
2401,5,HANFORD,0
2401,5,ANCHORAGE,0
2401,5,SAN PEDRO,0
2401,5,PHOENIX,0
2401,5,FRESNO,0
2401,5,FLORALA,0
2401,5,NEWPORT BEACH,0
2401,5,OAKLAND,0
2401,5,ROGERS,0
2401,5,SELLS,0
2401,5,SOUTH SAN FRANCISCO,0
2401,5,PARKER,0
2401,5,MONTGOMERY,0
2401,5,SEARCY,0
2401,5,PRESCOTT,0
7548,15,Heart Attack Patients Given ACE Inhibitor or ARB for Left Ventricular Systolic Dysfunction (LVSD),0
5585,15,Heart Attack Patients Given Aspirin at Arrival,0
2392,5,JASPER,0
4683,14,HF-1,0
107,6,AL,0
5616,13,Heart Attack,0
1476,13,Heart Attack,0
9500,18,CA_AMI-1,0
2827,15,Pneumonia Patients Assessed and Given Pneumococcal Vaccination,0
5761,13,Heart Attack,0
150,14,AMI-7A,0
2398,5,HOMER,0
2398,5,MALVERN,0
2398,5,NORTH LITTLE ROCK,0
2398,5,GENEVA,0
2398,5,WILLCOX,0
2398,5,DOUGLAS,0
2398,5,UPLAND,0
398,15,Heart Attack Patients Given PCI Within 90 Minutes Of Arrival,0
8731,15,Heart Attack Patients Given PCI Within 90 Minutes Of Arrival,0
9656,13,Heart Attack,0
456,18,AL_PN-5C,0
2693,5,BETHEL,0
6477,14,HF-2,0
2860,6,AK,0
1570,15,Heart Attack Patients Given Aspirin at Arrival,0
6499,13,Heart Attack,0
2257,7,35233,0
9256,15,Heart Attack Patients Given PCI Within 90 Minutes Of Arrival,0
5912,15,Heart Attack Patients Given ACE Inhibitor or ARB for Left Ventricular Systolic Dysfunction (LVSD),0
9225,15,Heart Attack Patients Given Aspirin at Arrival,0
2729,5,SOLDOTNA,0
3772,18,AZ_AMI-8A,0
1266,18,AL_HF-1,0
6499,18,AR_AMI-7A,0
4816,14,PN-6,0
2641,5,JUNEAU,0
8128,14,AMI-1,0
941,18,AL_HF-4,0
7376,13,Heart Attack,0
1182,13,Surgical Infection Prevention,0
271,18,AL_AMI-2,0
4558,6,AZ,0
2251,7,35233,0
2177,15,Heart Attack Patients Given ACE Inhibitor or ARB for Left Ventricular Systolic Dysfunction (LVSD),0
8854,15,Heart Attack Patients Given Beta Blocker at Discharge,0
8537,15,Heart Attack Patients Given Smoking Cessation Advice/Counseling,0
5154,15,Heart Attack Patients Given Aspirin at Arrival,0
5712,13,Heart Attack,0
182,15,Pneumonia Patients Whose Initial Emergency Room Blood Culture Was Performed Prior To The Administration Of The First Hospital Dose Of Antibiotics,0
2847,5,KETCHIKAN,0
2392,5,SUN CITY WEST,0
1601,15,Heart Attack Patients Given PCI Within 90 Minutes Of Arrival,0
2398,5,HARRISON,0
7874,18,CA_AMI-3,0
7548,14,AMI-3,0
2784,13,Surgical Infection Prevention,0
9232,13,Heart Failure,0
7501,14,AMI-7A,0
2392,15,Pneumonia Patients Whose Initial Emergency Room Blood Culture Was Performed Prior To The Administration Of The First Hospital Dose Of Antibiotics,0
2392,5,SUN CITY,0
2398,5,CROSSETT,0
2409,6,AL,0
2693,13,Heart Attack,0
2392,5,BANNING,0
6697,14,AMI-1,0
2392,5,SAN PEDRO,0
1971,15,all heart surgery patients whose blood sugar (blood glucose) is kept under good control in the days right after surgery,0
2392,5,MESA,0
2392,5,TUSCALOOSA,0
2215,13,Pneumonia,0
583,13,Pneumonia,0
2392,5,LAKE VILLAGE,0
2392,5,VENTURA,0
2392,5,ROANOKE,0
2392,5,FRESNO,0
2392,5,LOS ANGELES,0
2392,5,EL CENTRO,0
2392,5,DE WITT,0
1021,18,AL_PN-6,0
2392,5,BATESVILLE,0
2104,13,Heart Attack,0
2392,5,MONTICELLO,0
2392,5,WEDOWEE,0
2392,5,SANTA CLARA,0
2392,5,OCEANSIDE,0
2392,5,FULLERTON,0
2392,5,BAKERSFIELD,0
2392,5,THOMASVILLE,0
2392,5,CHANDLER,0
2392,5,MOUNTAIN VIEW,0
2392,5,VISALIA,0
2392,5,WINFIELD,0
2392,5,HEBER SPRINGS,0
2392,5,LANCASTER,0
2392,5,JACKSON,0
2392,5,DANVILLE,0
2392,5,FORT SMITH,0
2392,5,NORTHRIDGE,0
8876,14,AMI-2,0
2392,5,HUNTSVILLE,0
2398,5,MONTICELLO,0
9750,18,CA_AMI-1,0
12,13,Heart Attack,0
1971,6,AL,0
1570,14,AMI-1,0
9626,14,AMI-2,0
2392,5,SAFFORD,0
257,5,THOMASVILLE,0
2392,5,SAN DIEGO,0
2392,5,SAN JOSE,0
2392,5,HOT SPRINGS,0
2392,5,HAYWARD,0
2392,5,DOTHAN,0
2392,5,MCGEHEE,0
2392,5,NORTHPORT,0
2392,5,NO LITTLE ROCK,0
1306,15,surgery patients needing hair removed from the surgical area before surgery&#54; who had hair removed using a safer method (electric clippers or hair removal cream sC not a razor),0
2392,5,ROGERS,0
2392,5,ARKADELPHIA,0
2392,5,TUBA CITY,0
2392,5,KETCHIKAN,0
2392,5,HELENA,0
2392,5,GROVE HILL,0
11,13,Heart Attack,0
2392,5,SOLVANG,0
2392,5,MOULTON,0
7852,14,AMI-7A,0
2392,5,BURLINGAME,0
6019,13,Heart Failure,0
2392,5,SAINT HELENA,0
2392,5,SAN FRANCISCO,0
2392,5,DADEVILLE,0
2392,5,DE QUEEN,0
2392,5,ENCINO,0
2392,5,TUCSON,0
2392,5,MALVERN,0
2023,15,surgery patients whose doctors ordered treatments to prevent blood clots after certain types of surgeries,0
2392,5,GREENVILLE,0
2392,5,CONWAY,0
2392,5,BISBEE,0
2392,5,PALM SPRINGS,0
2392,5,PARKER,0
2392,5,SITKA,0
2392,5,NAPA,0
2392,5,UPLAND,0
2392,5,REEDLEY,0
2392,5,RUSSELLVILLE,0
2392,5,HOPE,0
176,15,Heart Attack Patients Given PCI Within 90 Minutes Of Arrival,0
271,15,Heart Attack Patients Given Aspirin at Discharge,0
2398,5,BENTON,0
218,13,Surgical Infection Prevention,0
2392,5,ASHLAND,0
12,14,AMI-4,0
2392,5,MOBILE,0
2204,13,Heart Attack,0
2398,5,WHITTIER,0
2401,5,CAMDEN,0
7602,13,Heart Attack,0
771,15,all heart surgery patients whose blood sugar (blood glucose) is kept under good control in the days right after surgery,0
2398,5,MORRILTON,0
2398,5,OAKDALE,0
2398,5,JACKSON,0
2398,5,GREENSBORO,0
7267,18,CA_AMI-8A,0
2398,5,MUSCLE SHOALS,0
9453,15,Heart Attack Patients Given Smoking Cessation Advice/Counseling,0
2398,5,PAGE,0
2392,5,ORO VALLEY,0
2779,5,SITKA,0
2635,15,Heart Attack Patients Given ACE Inhibitor or ARB for Left Ventricular Systolic Dysfunction (LVSD),0
3770,18,AZ_AMI-5,0
9257,13,Heart Failure,0
9606,18,CA_AMI-8A,0
2398,5,GLENDALE,0
5812,18,AR_AMI-3,0
3747,15,Heart Attack Patients Given PCI Within 90 Minutes Of Arrival,0
2075,13,Heart Attack,0
638,15,all heart surgery patients whose blood sugar (blood glucose) is kept under good control in the days right after surgery,0
1759,14,HF-3,0
1539,13,Surgical Infection Prevention,0
419,14,AMI-5,0
864,18,AL_PN-2,0
4960,18,AR_AMI-8A,0
317,5,ANNISTON,0
2989,5,COTTONWOOD,0
1049,13,Surgical Infection Prevention,0
8184,13,Heart Attack,0
2064,15,Pneumonia Patients Given Initial Antibiotic(s) within 6 Hours After Arrival,0
8876,18,CA_AMI-2,0
1675,13,Heart Attack,0
8662,15,Heart Attack Patients Given Smoking Cessation Advice/Counseling,0
2257,15,Heart Failure Patients Given Discharge Instructions,0
2252,5,BIRMINGHAM,0
8610,15,Heart Attack Patients Given Aspirin at Discharge,0
3944,14,AMI-4,0
8731,14,AMI-8A,0
2527,15,surgery patients needing hair removed from the surgical area before surgery&#54; who had hair removed using a safer method (electric clippers or hair removal cream sC not a razor),0
1956,6,AL,0
890,15,Pneumonia Patients Whose Initial Emergency Room Blood Culture Was Performed Prior To The Administration Of The First Hospital Dose Of Antibiotics,0
9578,18,CA_AMI-4,0
1005,13,Surgical Infection Prevention,0
7109,15,Heart Attack Patients Given Aspirin at Discharge,0
1934,15,Heart Failure Patients Given ACE Inhibitor or ARB for Left Ventricular Systolic Dysfunction (LVSD),0
3283,15,Heart Attack Patients Given Fibrinolytic Medication Within 30 Minutes Of Arrival,0
271,6,AL,0
430,6,AL,0
1787,15,Pneumonia Patients Whose Initial Emergency Room Blood Culture Was Performed Prior To The Administration Of The First Hospital Dose Of Antibiotics,0
4377,13,Heart Failure,0
2947,6,AZ,0
2011,15,Pneumonia Patients Assessed and Given Pneumococcal Vaccination,0
4706,14,AMI-7A,0
5467,14,HF-4,0
3303,13,Heart Attack,0
3047,6,AZ,0
8068,14,PN-6,0
9629,18,CA_AMI-5,0
5617,13,Heart Failure,0
257,18,AL_PN-3B,0
2252,13,Heart Attack,0
5812,15,Heart Attack Patients Given ACE Inhibitor or ARB for Left Ventricular Systolic Dysfunction (LVSD),0
4603,14,AMI-3,0
2392,5,ALAMEDA,0
8610,14,AMI-2,0
5966,13,Heart Attack,0
6221,18,AR_AMI-8A,0
4198,18,AZ_AMI-4,0
9232,14,HF-1,0
4683,13,Heart Failure,0
2591,5,ANCHORAGE,0
6681,13,Heart Failure,0
6654,14,HF-4,0
7777,15,Heart Attack Patients Given Fibrinolytic Medication Within 30 Minutes Of Arrival,0
9132,14,HF-1,0
1721,15,all heart surgery patients whose blood sugar (blood glucose) is kept under good control in the days right after surgery,0
4102,14,PN-2,0
2330,14,AMI-7A,0
1097,13,Pneumonia,0
6429,14,HF-4,0
9727,14,AMI-3,0
419,15,Heart Attack Patients Given Beta Blocker at Discharge,0
5311,18,AR_AMI-5,0
9806,14,AMI-8A,0
3923,13,Heart Failure,0
6374,18,AR_AMI-7A,0
8184,15,Heart Attack Patients Given Smoking Cessation Advice/Counseling,0
11,15,Heart Attack Patients Given ACE Inhibitor or ARB for Left Ventricular Systolic Dysfunction (LVSD),0
202,15,Heart Failure Patients Given Discharge Instructions,0
4960,13,Heart Attack,0
12,18,AL_AMI-4,0
9928,15,Heart Attack Patients Given Smoking Cessation Advice/Counseling,0
2086,15,Pneumonia Patients Assessed and Given Pneumococcal Vaccination,0
3772,13,Heart Attack,0
6345,15,Heart Attack Patients Given Beta Blocker at Discharge,0
6016,18,AR_AMI-8A,0
3089,6,AR,0
1104,7,35205,0
944,7,36033,0
2922,14,AMI-8A,0
288,15,surgery patients who were given an antibiotic at the right time (within one hour before surgery) to help prevent infection,0
419,5,SYLACAUGA,0
5268,14,PN-2,0
9031,15,Heart Attack Patients Given PCI Within 90 Minutes Of Arrival,0
9154,15,Heart Attack Patients Given Beta Blocker at Discharge,0
2827,6,AK,0
5287,15,Heart Attack Patients Given Fibrinolytic Medication Within 30 Minutes Of Arrival,0
2294,13,Surgical Infection Prevention,0
7874,14,AMI-3,0
3023,6,AZ,0
1781,18,AL_AMI-8A,0
8171,14,PN-6,0
3096,13,Heart Attack,0
7948,13,Heart Attack,0
2868,6,AK,0
6476,14,HF-1,0
9192,14,SCIP-CARD-2,0
3254,5,CASA GRANDE,0
9750,13,Heart Attack,0
4198,15,Heart Attack Patients Given Smoking Cessation Advice/Counseling,0
4023,14,HF-1,0
172,13,Heart Attack,0
2410,13,Heart Attack,0
7702,13,Heart Attack,0
6408,6,AR,0
7068,14,HF-4,0
8490,13,Heart Attack,0
5335,18,AR_AMI-4,0
4778,18,AZ_AMI-3,0
2401,5,TUBA CITY,0
8462,14,AMI-8A,0
9626,15,Heart Attack Patients Given Aspirin at Discharge,0
3254,15,Heart Attack Patients Given Aspirin at Discharge,0
9329,14,AMI-5,0
7672,14,AMI-3,0
9916,13,Pneumonia,0
202,13,Heart Failure,0
258,15,Pneumonia Patients Given Smoking Cessation Advice/Counseling,0
1539,15,surgery patients who were given the  right kind  of antibiotic to help prevent infection,0
9682,14,HF-1,0
3048,6,AZ,0
2257,14,HF-1,0
899,13,Surgical Infection Prevention,0
3998,14,HF-1,0
1207,13,Surgical Infection Prevention,0
7353,15,Heart Failure Patients Given Discharge Instructions,0
9579,15,Heart Attack Patients Given Beta Blocker at Discharge,0
9050,14,AMI-1,0
1472,14,AMI-3,0
2947,13,Heart Attack,0
3794,14,AMI-4,0
2949,6,AZ,0
150,13,Heart Attack,0
4657,14,AMI-8A,0
8128,15,Heart Attack Patients Given Aspirin at Arrival,0
1725,14,AMI-1,0
2392,5,BURBANK,0
2392,5,ANAHEIM,0
5613,13,Heart Attack,0
2905,5,PHOENIX,0
5438,13,Heart Attack,0
8854,13,Heart Attack,0
9132,15,Heart Failure Patients Given Discharge Instructions,0
9356,13,Heart Attack,0
3901,14,HF-4,0
2922,5,PHOENIX,0
2392,13,Pneumonia,0
2401,5,GLOBE,0
2401,5,WALNUT RIDGE,0
2401,5,FAYETTE,0
2401,5,FRENCH CAMP,0
3824,14,HF-2,0
2401,5,OSCEOLA,0
2401,5,VAN BUREN,0
7134,14,AMI-2,0
2401,5,TUSCALOOSA,0
2392,5,KING CITY,0
2947,15,Heart Attack Patients Given PCI Within 90 Minutes Of Arrival,0
2392,5,FAIRBANKS,0
2392,5,FAIRHOPE,0
2392,5,BENSON,0
2847,15,Heart Attack Patients Given PCI Within 90 Minutes Of Arrival,0
3943,15,Heart Attack Patients Given ACE Inhibitor or ARB for Left Ventricular Systolic Dysfunction (LVSD),0
5966,15,Heart Attack Patients Given PCI Within 90 Minutes Of Arrival,0
4908,14,AMI-5,0
2392,5,HUNTINGTON PARK,0
2392,5,GENEVA,0
2392,5,SANTA CRUZ,0
8869,14,SCIP-INF-2,0
2392,5,SANTA MONICA,0
2392,5,FORREST CITY,0
3096,5,SHERWOOD,0
5366,14,HF-3,0
2392,5,GREENSBORO,0
2392,5,RIVERSIDE,0
2401,5,PAYSON,0
2401,5,CHINLE,0
2401,5,MANTECA,0
2401,5,LONG BEACH,0
1570,6,AL,0
2392,5,WILLCOX,0
430,15,Pneumonia Patients Given the Most Appropriate Initial Antibiotic(s),0
2624,5,PALMER,0
502,15,Heart Failure Patients Given Smoking Cessation Advice/Counseling,0
3917,14,AMI-2,0
9256,13,Heart Attack,0
2401,5,SAFFORD,0
2401,5,ASHLAND,0
2401,5,SAN BERNARDINO,0
2401,5,GRASS VALLEY,0
31,2,10001,0
2527,13,Surgical Infection Prevention,0
1207,15,surgery patients whose doctors ordered treatments to prevent blood clots after certain types of surgeries,0
2392,5,HANFORD,0
8110,14,HF-1,0
6345,14,AMI-5,0
11,2,10019,0
2392,5,CARROLLTON,0
2392,5,CROSSETT,0
2370,15,surgery patients whose preventive antibiotics were stopped at the right time (within 24 hours after surgery),0
2392,5,CAMDEN,0
2392,5,TURLOCK,0
2392,5,BREWTON,0
7267,13,Heart Attack,0
2392,5,GADSDEN,0
2542,15,Pneumonia Patients Whose Initial Emergency Room Blood Culture Was Performed Prior To The Administration Of The First Hospital Dose Of Antibiotics,0
36,2,10001,0
6549,14,AMI-7A,0
9928,13,Heart Attack,0
8829,13,Heart Attack,0
150,18,AL_AMI-7A,0
151,14,AMI-8A,0
9154,14,AMI-5,0
5789,13,Heart Attack,0
8676,18,CA_AMI-2,0
1266,14,HF-1,0
3494,14,HF-3,0
11,6,AL,0
7998,14,AMI-2,0
3856,14,PN-6,0
3254,14,AMI-2,0
3776,14,HF-4,0
9190,14,PN-6,0
9578,13,Heart Attack,0
4411,14,HF-4,0
7353,14,HF-1,0
2458,6,AL,0
7336,14,PN-6,0
9185,14,HF-4,0
977,15,all heart surgery patients whose blood sugar (blood glucose) is kept under good control in the days right after surgery,0
8296,14,PN-6,0
4826,14,AMI-1,0
25,14,AMI-7A,0
6378,13,Heart Failure,0
2477,15,surgery patients needing hair removed from the surgical area before surgery&#54; who had hair removed using a safer method (electric clippers or hair removal cream sC not a razor),0
172,14,AMI-3,0
7900,15,Heart Attack Patients Given Smoking Cessation Advice/Counseling,0
7040,15,Heart Failure Patients Given Discharge Instructions,0
2251,5,BIRMINGHAM,0
9579,14,AMI-5,0
966,15,Heart Failure Patients Given Smoking Cessation Advice/Counseling,0
4250,18,AZ_AMI-7A,0
3112,14,PN-2,0
36,6,AL,0
2027,14,AMI-3,0
36,15,Pneumonia Patients Assessed and Given Influenza Vaccination,0
864,15,Pneumonia Patients Assessed and Given Pneumococcal Vaccination,0
7644,14,AMI-7A,0
7496,18,CA_AMI-1,0
1709,13,Pneumonia,0
1266,13,Heart Failure,0
3943,14,AMI-3,0
2677,6,AK,0
2361,15,Pneumonia Patients Assessed and Given Pneumococcal Vaccination,0
1092,6,AL,0
4904,18,AR_AMI-1,0
8955,18,CA_AMI-7A,0
5811,14,AMI-2,0
6221,13,Heart Attack,0
2330,15,Heart Attack Patients Given Fibrinolytic Medication Within 30 Minutes Of Arrival,0
8356,15,Heart Attack Patients Given Aspirin at Arrival,0
9916,15,Pneumonia Patients Assessed and Given Influenza Vaccination,0
3775,14,HF-3,0
2409,14,AMI-5,0
8271,14,PN-6,0
690,15,surgery patients whose doctors ordered treatments to prevent blood clots after certain types of surgeries,0
8490,14,AMI-8A,0
2922,13,Heart Attack,0
2522,13,Surgical Infection Prevention,0
2252,7,35233,0
2817,13,Heart Attack,0
151,13,Heart Attack,0
8241,14,HF-4,0
8676,15,Heart Attack Patients Given Aspirin at Discharge,0
2729,15,Pneumonia Patients Given Smoking Cessation Advice/Counseling,0
6345,13,Heart Attack,0
858,15,Heart Attack Patients Given Fibrinolytic Medication Within 30 Minutes Of Arrival,0
1998,13,Surgical Infection Prevention,0
3057,18,AZ_AMI-8A,0
3057,15,Heart Attack Patients Given PCI Within 90 Minutes Of Arrival,0
6316,13,Heart Attack,0
9632,15,Heart Failure Patients Given Discharge Instructions,0
1017,18,AL_PN-2,0
5687,14,AMI-3,0
6070,13,Heart Attack,0
9132,13,Heart Failure,0
7751,14,AMI-5,0
2251,15,Heart Attack Patients Given Aspirin at Discharge,0
2779,6,AK,0
823,15,surgery patients whose preventive antibiotics were stopped at the right time (within 24 hours after surgery),0
8432,18,CA_AMI-2,0
858,14,AMI-7A,0
6016,13,Heart Attack,0
1280,15,all heart surgery patients whose blood sugar (blood glucose) is kept under good control in the days right after surgery,0
2392,5,DEMOPOLIS,0
2392,5,ALABASTER,0
2392,5,BERRYVILLE,0
2392,5,CENTRE,0
2392,5,WALNUT RIDGE,0
2392,5,SAN CARLOS,0
2392,5,CORONADO,0
2392,5,SELLS,0
2392,5,LYNWOOD,0
2392,5,SHERWOOD,0
2392,5,FLAGSTAFF,0
2753,5,ANCHORAGE,0
2392,5,WATSONVILLE,0
2392,5,FREMONT,0
2392,5,SAN LEANDRO,0
2392,5,EUTAW,0
7857,14,HF-4,0
2392,5,CHATOM,0
3512,13,Heart Attack,0
2392,5,SAN PABLO,0
2392,5,NOGALES,0
2392,5,SONOMA,0
2392,5,FORDYCE,0
2392,5,WOODLAND,0
2392,5,GILBERT,0
2392,5,LOMPOC,0
2392,5,OPP,0
2392,5,JACKSONVILLE,0
6221,14,AMI-8A,0
2392,5,SAN MATEO,0
5335,15,Heart Attack Patients Given Smoking Cessation Advice/Counseling,0
2392,5,BOAZ,0
2392,5,DUMAS,0
2392,5,CHULA VISTA,0
2392,5,VAN NUYS,0
2392,5,ATMORE,0
2392,5,PORTERVILLE,0
5466,13,Heart Failure,0
2392,5,BOONEVILLE,0
2392,5,PALMER,0
12,15,Heart Attack Patients Given Smoking Cessation Advice/Counseling,0
2392,5,DOUGLAS,0
2392,5,GILROY,0
2392,5,SEARCY,0
2392,5,REDWOOD CITY,0
8662,14,AMI-4,0
7501,18,CA_AMI-7A,0
185,18,AL_PN-6,0
4904,13,Heart Attack,0
271,5,ALABASTER,0
979,13,Surgical Infection Prevention,0
9031,18,CA_AMI-8A,0
1971,13,Surgical Infection Prevention,0
5617,15,Heart Failure Patients Given Discharge Instructions,0
2062,7,35233,0
2594,13,Pneumonia,0
9632,13,Heart Failure,0
5811,13,Heart Attack,0
2251,13,Heart Attack,0
36,18,AL_PN-7,0
1493,13,Surgical Infection Prevention,0
3625,14,HF-3,0
9350,18,CA_AMI-1,0
2591,6,AK,0
1971,18,AL_SCIP-INF-4,0
2609,14,AMI-2,0
327,13,Pneumonia,0
2401,5,STOCKTON,0
2401,5,WEST MEMPHIS,0
2401,5,OZARK,0
2401,5,LITTLE ROCK,0
2401,5,NEWPORT,0
2401,5,RED BAY,0
2401,5,PARAGOULD,0
2401,5,MESA,0
2398,5,ASHLAND,0
2398,5,REDWOOD CITY,0
2398,5,SEARCY,0
2398,5,LONG BEACH,0
2398,5,DECATUR,0
2398,5,MONTGOMERY,0
2398,5,PALM SPRINGS,0
2398,5,BREWTON,0
2398,5,CLINTON,0
2398,5,CONWAY,0
2398,5,GREENVILLE,0
2398,5,CHULA VISTA,0
2398,5,BIRMINGHAM,0
2398,5,COLTON,0
2401,5,SYLACAUGA,0
2401,5,SCOTTSDALE,0
2401,5,JONESBORO,0
2401,5,SELMA,0
2401,5,DE WITT,0
2401,5,LA MESA,0
2401,5,GARDEN GROVE,0
2401,5,JASPER,0
2401,5,TROY,0
2401,5,RUSSELLVILLE,0
4603,13,Heart Attack,0
887,15,Heart Failure Patients Given ACE Inhibitor or ARB for Left Ventricular Systolic Dysfunction (LVSD),0
7501,15,Heart Attack Patients Given Fibrinolytic Medication Within 30 Minutes Of Arrival,0
4135,14,PN-6,0
2401,5,FORDYCE,0
6534,14,PN-6,0
176,13,Heart Attack,0
2394,5,ARCADIA,0
750,14,HF-2,0
6549,6,AR,0
2568,13,Pneumonia,0
2394,5,SUN CITY WEST,0
8829,18,CA_AMI-5,0
2394,5,SOLDOTNA,0
2753,6,AK,0
2394,5,JONESBORO,0
2394,5,OCEANSIDE,0
4981,18,AR_AMI-3,0
9626,18,CA_AMI-2,0
7496,13,Heart Attack,0
2398,5,NATIONAL CITY,0
2394,5,MURFREESBORO,0
947,13,Pneumonia,0
2398,5,FORT PAYNE,0
2394,5,GOODYEAR,0
2394,5,ROGERS,0
2394,5,SAN PABLO,0
2394,5,MOULTON,0
2394,5,CHANDLER,0
2394,5,SANTA CRUZ,0
6070,14,AMI-7A,0
8462,15,Heart Attack Patients Given PCI Within 90 Minutes Of Arrival,0
5913,14,AMI-4,0
2394,5,FORDYCE,0
2410,15,Heart Attack Patients Given Fibrinolytic Medication Within 30 Minutes Of Arrival,0
2398,5,LITTLE ROCK,0
2398,5,MURFREESBORO,0
61,5,BOAZ,0
2861,5,KETCHIKAN,0
2847,13,Heart Attack,0
5811,18,AR_AMI-2,0
4989,14,HF-4,0
1271,2,10069,0
2361,13,Pneumonia,0
2401,5,THOMASVILLE,0
2394,5,LOMPOC,0
2394,5,GILBERT,0
2394,5,NOGALES,0
9578,15,Heart Attack Patients Given Smoking Cessation Advice/Counseling,0
2410,14,AMI-7A,0
8462,13,Heart Attack,0
436,5,ANCHORAGE,0
2401,5,BAKERSFIELD,0
2401,5,LAGUNA BEACH,0
2401,5,FORT MOHAVE,0
2401,5,NATIONAL CITY,0
2401,5,OAKDALE,0
2401,5,STUTTGART,0
2401,5,POMONA,0
2985,6,AZ,0
2401,5,SAN FRANCISCO,0
7109,18,CA_AMI-2,0
2401,5,BREWTON,0
2398,5,BAKERSFIELD,0
7751,18,CA_AMI-5,0
2401,5,KETCHIKAN,0
2868,15,Heart Attack Patients Given ACE Inhibitor or ARB for Left Ventricular Systolic Dysfunction (LVSD),0
2394,5,EUTAW,0
2075,14,AMI-1,0
2401,5,SANTA CRUZ,0
1544,18,AL_SCIP-VTE-2,0
2394,5,WEDOWEE,0
2215,15,Pneumonia Patients Given the Most Appropriate Initial Antibiotic(s),0
2401,5,CHANDLER,0
3647,15,Heart Attack Patients Given PCI Within 90 Minutes Of Arrival,0
2401,5,LUVERNE,0
12,5,SHEFFIELD,0
2401,5,CHATOM,0
7751,13,Heart Attack,0
2398,5,VAN BUREN,0
2398,5,FLAGSTAFF,0
2398,5,FORT DEFIANCE,0
2398,5,SANTA CLARA,0
2398,5,ANDALUSIA,0
2398,5,SAINT HELENA,0
2398,5,HUNTINGTON PARK,0
2401,5,HALEYVILLE,0
2401,5,MENA,0
5359,15,Heart Attack Patients Given ACE Inhibitor or ARB for Left Ventricular Systolic Dysfunction (LVSD),0
2401,5,ARCADIA,0
2401,5,SOLDOTNA,0
11,5,SHEFFIELD,0
2401,5,SACRAMENTO,0
2401,5,FORT DEFIANCE,0
2401,5,BATESVILLE,0
2401,5,CHICO,0
2401,5,BIRMINGHAM,0
2401,5,VALLEJO,0
2401,5,CLINTON,0
1118,18,AL_HF-3,0
831,6,AL,0
492,13,Heart Attack,0
3619,13,Heart Attack,0
6697,15,Heart Attack Patients Given Aspirin at Arrival,0
2394,5,BANNING,0
2398,5,FREMONT,0
5308,13,Heart Attack,0
8499,14,PN-6,0
2860,5,KETCHIKAN,0
1276,15,surgery patients who were taking heart drugs called beta blockers before coming to the hospital&#54; who were kept on the beta blockers during the period just before and after their surgery,0
6876,14,AMI-5,0
51,6,AL,0
7496,14,AMI-1,0
7376,18,CA_AMI-7A,0
2942,5,TUCSON,0
1787,13,Pneumonia,0
2401,5,JUNEAU,0
2401,5,SAN LUIS OBISPO,0
8860,14,HF-4,0
2401,5,NORTH LITTLE ROCK,0
2401,5,FLAGSTAFF,0
2394,5,NOVATO,0
2868,5,HOMER,0
3670,14,AMI-5,0
2401,5,SANTA MARIA,0
2401,5,HELENA,0
2401,5,WOODLAND,0
2401,5,PETALUMA,0
7777,14,AMI-7A,0
2394,5,LITTLE ROCK,0
172,5,GUNTERSVILLE,0
2394,5,MENA,0
9453,14,AMI-4,0
4539,13,Pneumonia,0
2401,5,DE QUEEN,0
2448,15,surgery patients who were given an antibiotic at the right time (within one hour before surgery) to help prevent infection,0
8676,13,Heart Attack,0
977,13,Surgical Infection Prevention,0
9257,15,Heart Failure Patients Given Discharge Instructions,0
2401,5,SIERRA VISTA,0
4784,14,HF-2,0
2477,13,Surgical Infection Prevention,0
3238,5,PHOENIX,0
2401,5,WRANGELL,0
6549,15,Heart Attack Patients Given Fibrinolytic Medication Within 30 Minutes Of Arrival,0
1699,13,Heart Attack,0
2922,6,AZ,0
9928,14,AMI-4,0
5940,13,Heart Attack,0
1781,13,Heart Attack,0
5287,14,AMI-7A,0
2401,13,Surgical Infection Prevention,0
3146,6,CA,0
6055,14,PN-6,0
2401,5,BISBEE,0
2401,5,TUCSON,0
185,6,AL,0
8854,14,AMI-5,0
5585,18,AR_AMI-1,0
4981,15,Heart Attack Patients Given ACE Inhibitor or ARB for Left Ventricular Systolic Dysfunction (LVSD),0
6295,13,Heart Attack,0
8206,18,CA_AMI-1,0
2401,5,NORWALK,0
2062,5,BIRMINGHAM,0
8356,13,Heart Attack,0
2401,5,SAN LEANDRO,0
9626,13,Heart Attack,0
2401,5,COTTONWOOD,0
2779,15,Pneumonia Patients Given Smoking Cessation Advice/Counseling,0
2817,6,AK,0
5287,13,Heart Attack,0
6025,14,HF-4,0
4683,15,Heart Failure Patients Given Discharge Instructions,0
271,14,AMI-2,0
2370,13,Surgical Infection Prevention,0
8784,14,HF-3,0
69,15,patients who got treatment  at the right time (within 24 hours before or after their surgery) to help prevent blood clots after certain types of surgery,0
2567,15,Pneumonia Patients Whose Initial Emergency Room Blood Culture Was Performed Prior To The Administration Of The First Hospital Dose Of Antibiotics,0
7109,14,AMI-2,0
662,13,Surgical Infection Prevention,0
1725,15,Heart Attack Patients Given Aspirin at Arrival,0
1276,13,Surgical Infection Prevention,0
1558,15,Pneumonia Patients Given Smoking Cessation Advice/Counseling,0
492,14,AMI-1,0
2398,5,PRESCOTT VALLEY,0
2398,5,SAN LEANDRO,0
2398,5,MONTEREY,0
9965,14,PN-6,0
2398,5,PETALUMA,0
5789,14,AMI-5,0
2409,7,36867,0
107,18,AL_PN-3B,0
7854,13,Heart Failure,0
7134,18,CA_AMI-2,0
3428,18,AZ_AMI-1,0
668,14,AMI-2,0
3283,18,AZ_AMI-7A,0
2401,5,WEDOWEE,0
7530,14,HF-3,0
3515,13,Heart Attack,0
2104,15,Heart Attack Patients Given Beta Blocker at Discharge,0
2401,5,SAN MATEO,0
133,2,10008,0
954,13,Surgical Infection Prevention,0
3950,14,HF-3,0
8731,18,CA_AMI-8A,0
61,6,AL,0
2542,13,Pneumonia,0
2394,5,BENSON,0
147,15,Heart Attack Patients Given ACE Inhibitor or ARB for Left Ventricular Systolic Dysfunction (LVSD),0
5617,14,HF-1,0
1280,13,Surgical Infection Prevention,0
151,7,35640,0
9154,18,CA_AMI-5,0
1388,14,AMI-5,0
7265,18,CA_AMI-5,0
2167,13,Surgical Infection Prevention,0
6475,18,AR_AMI-8A,0
3919,15,Heart Attack Patients Given Smoking Cessation Advice/Counseling,0
691,5,BIRMINGHAM,0
1709,18,AL_PN-5C,0
2542,18,AL_PN-3B,0
2167,6,AL,0
3028,13,Heart Attack,0
8665,13,Heart Attack,0
2868,14,AMI-3,0
7900,18,CA_AMI-4,0
2401,5,ATMORE,0
6774,18,CA_AMI-3,0
1271,13,Pneumonia,0
2036,15,Pneumonia Patients Assessed and Given Pneumococcal Vaccination,0
5160,13,Heart Attack,0
8432,14,AMI-2,0
8830,13,Heart Attack,0
4193,14,SCIP-VTE-1,0
7496,15,Heart Attack Patients Given Aspirin at Arrival,0
8665,15,Heart Attack Patients Given PCI Within 90 Minutes Of Arrival,0
2989,6,AZ,0
668,5,BIRMINGHAM,0
947,7,36033,0
2815,5,SITKA,0
2251,14,AMI-2,0
5366,13,Heart Failure,0
9502,15,Heart Attack Patients Given ACE Inhibitor or ARB for Left Ventricular Systolic Dysfunction (LVSD),0
7702,15,Heart Attack Patients Given Beta Blocker at Discharge,0
317,6,AL,0
8493,14,HF-3,0
3302,5,PHOENIX,0
7948,18,CA_AMI-2,0
290,13,Surgical Infection Prevention,0
8491,14,HF-1,0
31,15,Pneumonia Patients Assessed and Given Pneumococcal Vaccination,0
3794,13,Heart Attack,0
1550,14,AMI-7A,0
8890,14,PN-6,0
7352,14,AMI-8A,0
6403,14,HF-3,0
3047,5,PHOENIX,0
327,15,Pneumonia Patients Given Smoking Cessation Advice/Counseling,0
9502,18,CA_AMI-3,0
2394,6,AL,0
8806,15,Heart Attack Patients Given PCI Within 90 Minutes Of Arrival,0
2973,5,COTTONWOOD,0
6398,18,AR_AMI-5,0
8862,14,PN-3B,0
2409,18,AL_AMI-5,0
7241,14,HF-2,0
2401,5,BOAZ,0
8110,13,Heart Failure,0
7672,13,Heart Attack,0
5912,13,Heart Attack,0
25,13,Heart Attack,0
5359,14,AMI-3,0
940,18,AL_HF-3,0
3919,13,Heart Attack,0
5311,13,Heart Attack,0
4908,13,Heart Attack,0
9682,15,Heart Failure Patients Given Discharge Instructions,0
8206,15,Heart Attack Patients Given Aspirin at Arrival,0
1235,15,Heart Attack Patients Given Aspirin at Discharge,0
492,6,AL,0
1732,13,Heart Failure,0
3917,15,Heart Attack Patients Given Aspirin at Discharge,0
8513,13,Heart Attack,0
6681,14,HF-3,0
25,6,AL,0
1422,18,AL_AMI-3,0
1887,6,AL,0
2394,5,GROVE HILL,0
1422,6,AL,0
6316,15,Heart Attack Patients Given Aspirin at Discharge,0
5966,14,AMI-8A,0
4832,14,AMI-8A,0
2401,5,SUN CITY WEST,0
3428,14,AMI-1,0
2401,5,BETHEL,0
9050,15,Heart Attack Patients Given Aspirin at Arrival,0
7672,18,CA_AMI-3,0
257,13,Pneumonia,0
2027,15,Heart Attack Patients Given ACE Inhibitor or ARB for Left Ventricular Systolic Dysfunction (LVSD),0
5613,18,AR_AMI-4,0
2401,5,TURLOCK,0
31,18,AL_PN-2,0
1673,14,AMI-4,0
1034,15,Heart Attack Patients Given Smoking Cessation Advice/Counseling,0
944,13,Pneumonia,0
3772,15,Heart Attack Patients Given PCI Within 90 Minutes Of Arrival,0
3944,15,Heart Attack Patients Given Smoking Cessation Advice/Counseling,0
2062,15,Pneumonia Patients Whose Initial Emergency Room Blood Culture Was Performed Prior To The Administration Of The First Hospital Dose Of Antibiotics,0
8829,14,AMI-5,0
2725,6,AK,0
2815,6,AK,0
2401,5,MAGNOLIA,0
3283,14,AMI-7A,0
6697,18,CA_AMI-1,0
2392,9,2059757100,0
2269,5,BIRMINGHAM,0
5940,14,AMI-7A,0
2401,5,ALAMEDA,0
6723,15,Heart Attack Patients Given Aspirin at Discharge,0
8287,18,CA_AMI-8A,0
646,14,AMI-5,0
831,15,Heart Attack Patients Given Smoking Cessation Advice/Counseling,0
2401,5,SAINT HELENA,0
3200,5,PRESCOTT,0
2062,13,Pneumonia,0
2609,13,Heart Attack,0
6723,13,Heart Attack,0
8830,18,CA_AMI-7A,0
2401,5,GROVE HILL,0
2394,5,RED BAY,0
5311,14,AMI-5,0
2635,18,AK_AMI-3,0
4659,14,HF-2,0
2401,5,SONOMA,0
668,7,35233,0
1235,13,Heart Attack,0
3322,6,AZ,0
8513,18,CA_AMI-5,0
6876,15,Heart Attack Patients Given Beta Blocker at Discharge,0
3747,13,Heart Attack,0
2401,5,PRESCOTT VALLEY,0
2693,18,AK_AMI-3,0
9350,13,Heart Attack,0
2398,5,CORONADO,0
2398,5,NO LITTLE ROCK,0
2398,5,FAIRBANKS,0
2398,5,WALNUT CREEK,0
2398,5,FAYETTEVILLE,0
2398,5,SOLVANG,0
2401,5,WALNUT CREEK,0
2398,5,MENA,0
2398,5,FORT MOHAVE,0
2398,5,HALEYVILLE,0
2398,5,ENTERPRISE,0
2398,5,SAN PABLO,0
2398,5,CHANDLER,0
2398,5,FORDYCE,0
2398,5,GILBERT,0
2398,5,LOMPOC,0
2398,5,SACRAMENTO,0
2398,5,SAN FRANCISCO,0
2398,5,DANVILLE,0
9225,18,CA_AMI-1,0
2401,5,SYLMAR,0
2401,5,FORREST CITY,0
2401,5,EUREKA,0
1097,7,35205,0
5912,14,AMI-3,0
1493,18,AL_SCIP-VTE-1,0
3515,14,AMI-7A,0
2401,5,FAYETTEVILLE,0
3112,5,CLINTON,0
4751,15,Heart Attack Patients Given Aspirin at Arrival,0
1544,15,patients who got treatment  at the right time (within 24 hours before or after their surgery) to help prevent blood clots after certain types of surgery,0
2401,5,ENCINO,0
3770,14,AMI-5,0
2401,5,WINSLOW,0
2398,5,HEBER SPRINGS,0
2401,5,ENTERPRISE,0
3512,15,Heart Attack Patients Given ACE Inhibitor or ARB for Left Ventricular Systolic Dysfunction (LVSD),0
2401,5,GILBERT,0
911,13,Heart Attack,0
8537,13,Heart Attack,0
2401,5,HEBER SPRINGS,0
3303,14,AMI-1,0
3348,5,PHOENIX,0
2401,5,SANTA ROSA,0
1545,6,AL,0
2401,5,DADEVILLE,0
2401,5,GENEVA,0
2027,18,AL_AMI-3,0
5717,13,Heart Failure,0
9606,15,Heart Attack Patients Given PCI Within 90 Minutes Of Arrival,0
6070,15,Heart Attack Patients Given Fibrinolytic Medication Within 30 Minutes Of Arrival,0
2257,5,BIRMINGHAM,0
2401,5,RIVERSIDE,0
2401,5,WINFIELD,0
2409,13,Heart Attack,0
4227,13,Heart Failure,0
2942,14,AMI-2,0
2401,5,PORTERVILLE,0
2518,15,Pneumonia Patients Given Smoking Cessation Advice/Counseling,0
691,7,35233,0
2398,5,POCAHONTAS,0
11,18,AL_AMI-3,0
4826,15,Heart Attack Patients Given Aspirin at Arrival,0
2394,5,SOUTH SAN FRANCISCO,0
9600,15,Heart Attack Patients Given Aspirin at Arrival,0
2398,5,DOTHAN,0
7165,13,Heart Failure,0
2568,15,Pneumonia Patients Given Smoking Cessation Advice/Counseling,0
6723,14,AMI-2,0
2177,18,AL_AMI-3,0
2398,5,SUN CITY,0
2398,5,HARTSELLE,0
5414,15,Heart Failure Patients Given Discharge Instructions,0
2398,5,BURBANK,0
2398,5,ARKADELPHIA,0
2398,5,FAIRHOPE,0
2398,5,PARAGOULD,0
2398,5,NEWPORT,0
8356,14,AMI-1,0
2398,5,HOLLYWOOD,0
2398,5,LYNWOOD,0
2398,5,COTTONWOOD,0
2398,5,SONOMA,0
9960,14,HF-4,0
2394,18,AL_PN-5C,0
1182,6,AL,0
2732,15,Pneumonia Patients Assessed and Given Influenza Vaccination,0
2401,5,SANTA CLARA,0
3619,14,AMI-4,0
8830,14,AMI-7A,0
9682,13,Heart Failure,0
4227,15,Heart Failure Patients Given Discharge Instructions,0
2563,13,Heart Failure,0
831,13,Heart Attack,0
2394,5,BURBANK,0
5887,18,AR_AMI-3,0
1732,15,Heart Failure Patients Given Discharge Instructions,0
2394,5,FAIRBANKS,0
3647,18,AZ_AMI-8A,0
9056,14,AMI-8A,0
8287,14,AMI-8A,0
940,13,Heart Failure,0
2401,5,WALDRON,0
2401,5,SAN PABLO,0
4023,13,Heart Failure,0
3398,5,PAYSON,0
5687,15,Heart Attack Patients Given ACE Inhibitor or ARB for Left Ventricular Systolic Dysfunction (LVSD),0
2942,13,Heart Attack,0
911,15,Heart Attack Patients Given Fibrinolytic Medication Within 30 Minutes Of Arrival,0
211,15,Pneumonia Patients Assessed and Given Influenza Vaccination,0
2411,15,Heart Attack Patients Given PCI Within 90 Minutes Of Arrival,0
3917,13,Heart Attack,0
2394,5,BAY MINETTE,0
2394,5,MCGEHEE,0
2394,5,ORANGE,0
2394,5,DE WITT,0
2394,5,ROANOKE,0
2394,5,WARREN,0
2394,5,SYLMAR,0
2394,5,WICKENBURG,0
2394,5,WALNUT CREEK,0
2394,5,HALEYVILLE,0
2394,5,PHENIX CITY,0
2394,5,ANDALUSIA,0
2394,5,OPP,0
417,15,Heart Attack Patients Given ACE Inhibitor or ARB for Left Ventricular Systolic Dysfunction (LVSD),0
2394,5,LYNWOOD,0
182,6,AL,0
456,2,10019,0
2401,5,WATSONVILLE,0
3096,18,AR_AMI-5,0
6674,14,AMI-3,0
6345,18,AR_AMI-5,0
3057,14,AMI-8A,0
2394,5,FREMONT,0
2394,7,35205,0
4538,6,AZ,0
2392,7,35205,0
2732,5,SOLDOTNA,0
210,13,Pneumonia,0
3387,5,PAYSON,0
3387,6,AZ,0
2635,14,AMI-3,0
1615,13,Surgical Infection Prevention,0
2401,5,OCEANSIDE,0
9227,18,CA_AMI-3,0
2401,5,EL DORADO,0
107,15,Pneumonia Patients Whose Initial Emergency Room Blood Culture Was Performed Prior To The Administration Of The First Hospital Dose Of Antibiotics,0
8840,14,PN-6,0
3247,14,SCIP-INF-2,0
8929,18,CA_AMI-5,0
492,18,AL_AMI-1,0
6426,14,HF-1,0
9453,18,CA_AMI-4,0
2394,5,VALLEJO,0
303,15,Heart Failure Patients Given an Evaluation of Left Ventricular Systolic (LVS) Function,0
844,7,35045,0
2252,9,2059334515,0
2401,5,JACKSON,0
3453,15,Heart Attack Patients Given Aspirin at Arrival,0
2394,5,KING CITY,0
6762,14,PN-6,0
2394,5,OAKLAND,0
2401,5,ORO VALLEY,0
5940,15,Heart Attack Patients Given Fibrinolytic Medication Within 30 Minutes Of Arrival,0
2260,5,BIRMINGHAM,0
2401,5,SHERWOOD,0
7376,15,Heart Attack Patients Given Fibrinolytic Medication Within 30 Minutes Of Arrival,0
2401,5,PRATTVILLE,0
2401,5,BURLINGAME,0
2401,5,GEORGIANA,0
2401,5,HUNTINGTON PARK,0
2401,5,PANORAMA CITY,0
2401,5,VAN NUYS,0
2401,5,MALVERN,0
2401,5,NORTHRIDGE,0
2401,5,OXNARD,0
2394,5,CLARKSVILLE,0
861,14,HF-2,0
2401,5,BLYTHEVILLE,0
3232,13,Heart Attack,0
2401,5,HARTSELLE,0
2401,5,SUN CITY,0
2394,5,FLORALA,0
2394,5,LAGUNA BEACH,0
2401,5,CHULA VISTA,0
2401,5,MOUNTAIN HOME,0
2401,5,EVERGREEN,0
2401,5,OPP,0
9500,15,Heart Attack Patients Given Aspirin at Arrival,0
2401,5,LOMPOC,0
7858,14,PN-2,0
2459,18,AL_AMI-5,0
2401,5,FORT SMITH,0
2401,5,GREENVILLE,0
2398,5,ENCINO,0
2394,5,WINSLOW,0
2788,5,SITKA,0
2398,5,MOUNTAIN HOME,0
2394,5,HEBER SPRINGS,0
2394,5,MESA,0
9579,18,CA_AMI-5,0
2394,5,NORWALK,0
2394,5,VENTURA,0
2398,5,ORANGE,0
2398,5,LA MESA,0
2398,5,VALLEY,0
2394,5,ANAHEIM,0
2398,5,FULLERTON,0
2398,5,BURLINGAME,0
2394,5,SCOTTSBORO,0
2401,5,GREENSBORO,0
2394,5,POCAHONTAS,0
2075,15,Heart Attack Patients Given Aspirin at Arrival,0
2394,5,PIGGOTT,0
2394,5,FORT DEFIANCE,0
2394,5,EL CENTRO,0
2394,5,EL DORADO,0
2394,5,HAMILTON,0
1675,15,Heart Attack Patients Given Fibrinolytic Medication Within 30 Minutes Of Arrival,0
2394,5,WATSONVILLE,0
2394,5,PARADISE,0
2394,5,FOLEY,0
2394,5,ALAMEDA,0
2394,5,SAN GABRIEL,0
2817,5,WRANGELL,0
2394,5,ARKADELPHIA,0
2394,5,CHICO,0
2394,5,SHERWOOD,0
2394,5,FULLERTON,0
2394,5,HOLLYWOOD,0
2394,5,CHATOM,0
2278,15,Heart Attack Patients Given Smoking Cessation Advice/Counseling,0
1118,15,Heart Failure Patients Given ACE Inhibitor or ARB for Left Ventricular Systolic Dysfunction (LVSD),0
2394,5,NO LITTLE ROCK,0
398,13,Heart Attack,0
7352,18,CA_AMI-8A,0
2398,5,NORWALK,0
7267,15,Heart Attack Patients Given PCI Within 90 Minutes Of Arrival,0
2398,5,OCEANSIDE,0
2401,5,JACKSONVILLE,0
2401,5,YORK,0
2394,5,HAYWARD,0
2394,5,SELMA,0
2394,5,CORONADO,0
419,13,Heart Attack,0
2394,5,LA MESA,0
2394,5,FRENCH CAMP,0
2394,5,HARTSELLE,0
2394,5,GUNTERSVILLE,0
2394,5,PRATTVILLE,0
2401,5,POCAHONTAS,0
2394,5,BATESVILLE,0
1118,13,Heart Failure,0
1550,13,Heart Attack,0
3355,15,Heart Attack Patients Given ACE Inhibitor or ARB for Left Ventricular Systolic Dysfunction (LVSD),0
2394,5,OJAI,0
2609,18,AK_AMI-2,0
303,7,35233,0
2036,13,Pneumonia,0
940,2,10047,0
6426,15,Heart Failure Patients Given Discharge Instructions,0
5761,15,Heart Attack Patients Given Aspirin at Discharge,0
2677,5,FAIRBANKS,0
2398,5,CHICO,0
2394,5,LOS ANGELES,0
2394,5,MOBILE,0
2394,5,DOTHAN,0
2394,5,FAIRHOPE,0
2394,5,SELLS,0
2394,5,MONTEREY,0
2394,5,VAN BUREN,0
2394,5,NEWPORT,0
2394,5,BLYTHEVILLE,0
2394,5,FLAGSTAFF,0
2394,5,PRESCOTT VALLEY,0
2394,5,SAN LEANDRO,0
2942,15,Heart Attack Patients Given Aspirin at Discharge,0
2394,5,SOLVANG,0
2394,5,ORO VALLEY,0
2394,5,LUVERNE,0
2394,5,NATIONAL CITY,0
947,15,Pneumonia Patients Assessed and Given Influenza Vaccination,0
2567,13,Pneumonia,0
779,13,Heart Attack,0
646,15,Heart Attack Patients Given Beta Blocker at Discharge,0
6295,14,AMI-7A,0
1615,15,surgery patients whose preventive antibiotics were stopped at the right time (within 24 hours after surgery),0
2401,5,WILLCOX,0
2398,5,GEORGIANA,0
2398,5,WOODLAND,0
2398,5,LUVERNE,0
2394,5,WALDRON,0
1049,15,surgery patients who were given an antibiotic at the right time (within one hour before surgery) to help prevent infection,0
2398,5,SOLDOTNA,0
2518,18,AL_PN-4,0
9227,13,Heart Attack,0
233,15,Pneumonia Patients Given Smoking Cessation Advice/Counseling,0
7139,15,Heart Attack Patients Given PCI Within 90 Minutes Of Arrival,0
2398,5,GANADO,0
2398,5,SOUTH SAN FRANCISCO,0
3950,13,Heart Failure,0
2401,5,FORT PAYNE,0
1493,15,surgery patients whose doctors ordered treatments to prevent blood clots after certain types of surgeries,0
2398,5,BATESVILLE,0
2861,13,Surgical Infection Prevention,0
7376,14,AMI-7A,0
107,5,OPP,0
4603,18,AZ_AMI-3,0
7265,14,AMI-5,0
2398,5,SANTA CRUZ,0
5466,14,HF-3,0
7973,14,AMI-2,0
2398,5,SANTA MARIA,0
2269,7,35233,0
2398,5,VALLEJO,0
2398,5,HELENA,0
9356,14,AMI-8A,0
8490,18,CA_AMI-8A,0
2398,5,ORO VALLEY,0
2398,5,GOODYEAR,0
2398,5,PRATTVILLE,0
2398,5,CHATOM,0
7548,13,Heart Attack,0
2398,5,WARREN,0
2401,5,RED BLUFF,0
2401,5,WICKENBURG,0
2398,5,OAKLAND,0
2398,5,BENSON,0
2398,5,MESA,0
2398,5,MCGEHEE,0
2398,5,CLARKSVILLE,0
2394,5,PARAGOULD,0
2394,5,KETCHIKAN,0
2401,5,HOLLYWOOD,0
2398,5,DE WITT,0
2398,5,PARADISE,0
2394,5,VALLEY,0
7352,15,Heart Attack Patients Given PCI Within 90 Minutes Of Arrival,0
5308,15,Heart Attack Patients Given Aspirin at Discharge,0
2398,5,NORTHPORT,0
2335,15,Heart Failure Patients Given Smoking Cessation Advice/Counseling,0
3775,13,Heart Failure,0
2398,5,NOVATO,0
4023,15,Heart Failure Patients Given Discharge Instructions,0
2401,5,MOULTON,0
6374,14,AMI-7A,0
2398,5,MOULTON,0
2398,5,NOGALES,0
2401,5,MORRILTON,0
2398,5,TUBA CITY,0
31,6,AL,0
303,13,Heart Failure,0
1499,18,AL_AMI-5,0
2394,5,FORT MOHAVE,0
2398,5,SHERWOOD,0
2401,5,SOLVANG,0
2401,5,FULLERTON,0
4558,18,AZ_HF-1,0
2398,5,BANNING,0
6316,14,AMI-2,0
3099,14,HF-1,0
2401,5,FREMONT,0
5789,15,Heart Attack Patients Given Beta Blocker at Discharge,0
2398,5,EUREKA,0
2394,5,VISALIA,0
2401,5,PHENIX CITY,0
5213,15,Heart Attack Patients Given PCI Within 90 Minutes Of Arrival,0
2401,5,CONWAY,0
2394,5,PETALUMA,0
2398,5,RED BAY,0
2401,5,HOMER,0
2401,5,ANDALUSIA,0
2401,7,35205,0
2401,5,NOGALES,0
2401,5,BOONEVILLE,0
2398,5,ROGERS,0
2398,5,FOLEY,0
2398,5,FLORALA,0
2413,15,Heart Failure Patients Given an Evaluation of Left Ventricular Systolic (LVS) Function,0
2394,5,SONOMA,0
2398,5,SAN GABRIEL,0
2398,5,LAGUNA BEACH,0
2398,5,WATSONVILLE,0
2398,5,WEDOWEE,0
2401,5,PINE BLUFF,0
2394,5,WOODLAND,0
2401,5,VISALIA,0
2401,5,DUMAS,0
2398,5,EL DORADO,0
4558,15,Heart Failure Patients Given Discharge Instructions,0
2398,5,ALAMEDA,0
2401,5,COLTON,0
2401,5,GANADO,0
4567,13,Pneumonia,0
2398,5,DADEVILLE,0
2394,5,POLACCA,0
2401,5,WETUMPKA,0
6398,13,Heart Attack,0
1723,15,surgery patients whose doctors ordered treatments to prevent blood clots after certain types of surgeries,0
5614,18,AR_AMI-5,0
9253,18,CA_AMI-4,0
2398,7,35205,0
9610,14,HF-4,0
7267,14,AMI-8A,0
3014,5,TUCSON,0
5359,18,AR_AMI-3,0
2726,5,SOLDOTNA,0
9600,14,AMI-1,0
2398,5,JACKSONVILLE,0
1936,13,Pneumonia,0
3254,6,AZ,0
2949,14,HF-2,0
7139,14,AMI-8A,0
6392,14,SCIP-VTE-1,0
8955,15,Heart Attack Patients Given Fibrinolytic Medication Within 30 Minutes Of Arrival,0
741,15,patients who got treatment  at the right time (within 24 hours before or after their surgery) to help prevent blood clots after certain types of surgery,0
2348,13,Surgical Infection Prevention,0
2796,14,AMI-7A,0
9028,13,Heart Attack,0
2398,5,WINSLOW,0
9979,15,Heart Attack Patients Given Beta Blocker at Discharge,0
2947,5,TUCSON,0
2796,15,Heart Attack Patients Given Fibrinolytic Medication Within 30 Minutes Of Arrival,0
8128,13,Heart Attack,0
8660,13,Heart Attack,0
9103,13,Heart Attack,0
6774,13,Heart Attack,0
8977,14,AMI-3,0
530,15,Pneumonia Patients Given Smoking Cessation Advice/Counseling,0
1956,18,AL_AMI-8A,0
3619,15,Heart Attack Patients Given Smoking Cessation Advice/Counseling,0
290,15,surgery patients whose preventive antibiotics were stopped at the right time (within 24 hours after surgery),0
36,7,36302,0
8856,18,CA_AMI-8A,0
5761,18,AR_AMI-2,0
4377,14,HF-1,0
648,18,AL_AMI-8A,0
4904,14,AMI-1,0
4751,13,Heart Attack,0
8929,14,AMI-5,0
9502,14,AMI-3,0
6697,13,Heart Attack,0
1936,18,AL_PN-2,0
583,15,Pneumonia Patients Assessed and Given Influenza Vaccination,0
966,13,Heart Failure,0
3236,18,AZ_HF-2,0
3057,6,AZ,0
2693,14,AMI-3,0
3998,15,Heart Failure Patients Given Discharge Instructions,0
4229,13,Heart Failure,0
2398,5,NASHVILLE,0
3515,15,Heart Attack Patients Given Fibrinolytic Medication Within 30 Minutes Of Arrival,0
2335,6,AL,0
9806,13,Heart Attack,0
9227,14,AMI-3,0
2401,5,EUTAW,0
2401,5,LANCASTER,0
2401,5,DANVILLE,0
2401,5,MOUNTAIN VIEW,0
2401,5,CARROLLTON,0
2401,5,PALMER,0
3619,18,AZ_AMI-4,0
1936,15,Pneumonia Patients Assessed and Given Pneumococcal Vaccination,0
2398,5,SANTA ROSA,0
257,15,Pneumonia Patients Whose Initial Emergency Room Blood Culture Was Performed Prior To The Administration Of The First Hospital Dose Of Antibiotics,0
1107,15,surgery patients whose doctors ordered treatments to prevent blood clots after certain types of surgeries,0
2394,5,SAN CARLOS,0
8362,13,Heart Attack,0
2247,15,surgery patients needing hair removed from the surgical area before surgery&#54; who had hair removed using a safer method (electric clippers or hair removal cream sC not a razor),0
176,5,GUNTERSVILLE,0
400,6,AL,0
9600,18,CA_AMI-1,0
456,5,SHEFFIELD,0
3770,9,9284752371,0
8929,15,Heart Attack Patients Given Beta Blocker at Discharge,0
2398,5,SPRINGERVILLE,0
2398,5,PIGGOTT,0
2398,5,HAMILTON,0
2398,5,KETCHIKAN,0
2398,5,WICKENBURG,0
2398,5,BLYTHEVILLE,0
2398,5,SUN CITY WEST,0
2398,5,ARCADIA,0
2398,5,PHENIX CITY,0
2398,5,EUTAW,0
2398,5,EVERGREEN,0
2398,5,BETHEL,0
2398,5,SIERRA VISTA,0
2398,5,LANCASTER,0
2398,5,DE QUEEN,0
3772,14,AMI-8A,0
2401,5,GUNTERSVILLE,0
2398,5,ROANOKE,0
2409,15,Heart Attack Patients Given Beta Blocker at Discharge,0
400,13,Heart Failure,0
2398,5,SELLS,0
3747,14,AMI-8A,0
2398,5,EL CENTRO,0
2398,5,SAN CARLOS,0
2398,5,FRENCH CAMP,0
2398,5,GLOBE,0
3036,5,SIERRA VISTA,0
2398,5,KING CITY,0
2398,5,SYLMAR,0
2394,5,BURLINGAME,0
2398,5,GUNTERSVILLE,0
2398,5,WALDRON,0
2398,5,VISALIA,0
4981,13,Heart Attack,0
8660,14,AMI-2,0
8829,15,Heart Attack Patients Given Beta Blocker at Discharge,0
9056,13,Heart Attack,0
2394,5,EUREKA,0
2394,5,EVERGREEN,0
5554,7,71754,0
9232,15,Heart Failure Patients Given Discharge Instructions,0
7109,13,Heart Attack,0
5712,14,AMI-3,0
288,13,Surgical Infection Prevention,0
8206,13,Heart Attack,0
8806,14,AMI-8A,0
2394,5,BAKERSFIELD,0
9583,14,HF-2,0
5913,13,Heart Attack,0
8876,15,Heart Attack Patients Given Aspirin at Discharge,0
2394,5,NORTHPORT,0
2394,5,PHOENIX,0
2394,5,SANTA CLARA,0
2394,5,CASA GRANDE,0
2394,5,CARMICHAEL,0
9253,15,Heart Attack Patients Given Smoking Cessation Advice/Counseling,0
1260,13,Heart Attack,0
2394,5,SPRINGERVILLE,0
8830,15,Heart Attack Patients Given Fibrinolytic Medication Within 30 Minutes Of Arrival,0
3099,13,Heart Failure,0
139,18,AL_SCIP-INF-2,0
2729,13,Pneumonia,0
2394,5,HOT SPRINGS,0
2398,5,GROVE HILL,0
2105,15,Heart Attack Patients Given Fibrinolytic Medication Within 30 Minutes Of Arrival,0
1550,15,Heart Attack Patients Given Fibrinolytic Medication Within 30 Minutes Of Arrival,0
2827,13,Pneumonia,0
133,13,Pneumonia,0
8977,13,Heart Attack,0
7854,15,Heart Failure Patients Given Discharge Instructions,0
2394,5,FRESNO,0
2394,5,GLOBE,0
2394,5,NASHVILLE,0
2394,5,TUBA CITY,0
2394,5,SUN CITY,0
2394,5,MAGNOLIA,0
2394,5,HELENA,0
2394,5,FAYETTEVILLE,0
2394,5,FORT PAYNE,0
2394,5,ENTERPRISE,0
2394,5,COTTONWOOD,0
2398,5,MAGNOLIA,0
2394,5,OSCEOLA,0
2394,5,CARROLLTON,0
3512,14,AMI-3,0
3160,5,TUCSON,0
9056,15,Heart Attack Patients Given PCI Within 90 Minutes Of Arrival,0
7165,15,Heart Failure Patients Given Discharge Instructions,0
3281,14,AMI-4,0
2796,18,AK_AMI-7A,0
1118,6,AL,0
8362,14,AMI-8A,0
2064,13,Pneumonia,0
400,18,AL_HF-2,0
6876,18,CA_AMI-5,0
2394,5,JUNEAU,0
3998,13,Heart Failure,0
2394,5,EUFAULA,0
3453,14,AMI-1,0
4960,14,AMI-8A,0
2394,5,GANADO,0
2394,5,STUTTGART,0
9356,18,CA_AMI-8A,0
147,2,10009,0
2394,5,NORTH LITTLE ROCK,0
2398,5,ANCHORAGE,0
2075,6,AL,0
4832,13,Heart Attack,0
4866,14,PN-6,0
9329,18,CA_AMI-5,0
2398,5,PHOENIX,0
2398,5,FRESNO,0
2394,5,SHEFFIELD,0
2394,5,OZARK,0
4539,6,AZ,0
5887,14,AMI-3,0
5308,14,AMI-2,0
8701,15,Heart Attack Patients Given Aspirin at Discharge,0
2398,5,ANNISTON,0
4198,13,Heart Attack,0
9257,14,HF-1,0
5438,15,Heart Attack Patients Given PCI Within 90 Minutes Of Arrival,0
218,15,surgery patients whose doctors ordered treatments to prevent blood clots after certain types of surgeries,0
2394,5,GLENDORA,0
5359,13,Heart Attack,0
9656,18,CA_AMI-8A,0
941,14,HF-4,0
2398,5,BERRYVILLE,0
2394,5,CASTRO VALLEY,0
6075,14,HF-4,0
741,13,Surgical Infection Prevention,0
2398,5,BAY MINETTE,0
2394,5,PAGE,0
7615,13,Heart Attack,0
668,15,Heart Attack Patients Given Aspirin at Discharge,0
2641,6,AK,0
2609,6,AK,0
2411,6,AL,0
7615,15,Heart Attack Patients Given Smoking Cessation Advice/Counseling,0
5722,14,PN-3B,0
2394,5,MONROEVILLE,0
2398,5,ANAHEIM,0
1723,13,Surgical Infection Prevention,0
1499,6,AL,0
9031,14,AMI-8A,0
7552,15,Heart Attack Patients Given PCI Within 90 Minutes Of Arrival,0
398,5,PRATTVILLE,0
3303,6,AZ,0
6723,18,CA_AMI-2,0
1558,18,AL_PN-4,0
2394,5,RED BLUFF,0
9979,13,Heart Attack,0
2394,5,ENCINO,0
1300,18,AL_PN-7,0
2394,5,WRANGELL,0
2394,5,OAKDALE,0
8876,13,Heart Attack,0
2394,5,ANNISTON,0
2394,5,HUNTINGTON PARK,0
1624,6,AL,0
290,18,AL_SCIP-INF-3,0
1266,15,Heart Failure Patients Given Discharge Instructions,0
9600,13,Heart Attack,0
2458,15,Heart Attack Patients Given Smoking Cessation Advice/Counseling,0
5614,14,AMI-5,0
3089,5,LITTLE ROCK,0
3057,13,Heart Attack,0
456,15,Pneumonia Patients Given Initial Antibiotic(s) within 6 Hours After Arrival,0
7852,13,Heart Attack,0
3281,6,AZ,0
2459,13,Heart Attack,0
8701,18,CA_AMI-2,0
1624,13,Heart Attack,0
8490,15,Heart Attack Patients Given PCI Within 90 Minutes Of Arrival,0
6876,13,Heart Attack,0
8660,15,Heart Attack Patients Given Aspirin at Discharge,0
4832,18,AZ_AMI-8A,0
2398,5,ALABASTER,0
6374,13,Heart Attack,0
8701,13,Heart Attack,0
8701,14,AMI-2,0
5812,14,AMI-3,0
4981,14,AMI-3,0
7900,13,Heart Attack,0
69,7,35957,0
233,5,FORT PAYNE,0
258,13,Pneumonia,0
2753,15,Pneumonia Patients Whose Initial Emergency Room Blood Culture Was Performed Prior To The Administration Of The First Hospital Dose Of Antibiotics,0
3355,18,AZ_AMI-3,0
5335,14,AMI-4,0
2313,13,Pneumonia,0
1711,15,Pneumonia Patients Assessed and Given Influenza Vaccination,0
2335,13,Heart Failure,0
3398,6,AZ,0
2398,5,MARYSVILLE,0
5638,14,AMI-4,0
2847,18,AK_AMI-8A,0
2922,18,AZ_AMI-8A,0
4751,18,AZ_AMI-1,0
8513,14,AMI-5,0
2401,9,2059757100,0
3647,14,AMI-8A,0
2398,5,MOBILE,0
1092,13,Heart Failure,0
5169,14,PN-6,0
1725,6,AL,0
1545,14,AMI-1,0
1998,15,surgery patients whose doctors ordered treatments to prevent blood clots after certain types of surgeries,0
4778,14,AMI-3,0
662,18,AL_SCIP-INF-3,0
3599,14,HF-2,0
7353,13,Heart Failure,0
5638,18,AR_AMI-4,0
3040,5,PHOENIX,0
3281,5,PHOENIX,0
9225,14,AMI-1,0
2980,6,AZ,0
947,2,10047,0
4616,14,PN-6,0
3281,15,Heart Attack Patients Given Smoking Cessation Advice/Counseling,0
1699,14,AMI-5,0
133,18,AL_PN-4,0
2868,13,Heart Attack,0
290,6,AL,0
2394,5,BOONEVILLE,0
771,13,Surgical Infection Prevention,0
1558,13,Pneumonia,0
147,18,AL_AMI-3,0
2348,15,surgery patients whose doctors ordered treatments to prevent blood clots after certain types of surgeries,0
2814,13,Surgical Infection Prevention,0
2394,5,BISBEE,0
4567,18,AZ_PN-7,0
1567,15,surgery patients needing hair removed from the surgical area before surgery&#54; who had hair removed using a safer method (electric clippers or hair removal cream sC not a razor),0
2394,5,LAKE HAVASU CITY,0
3850,14,HF-3,0
2394,5,NORTHRIDGE,0
2394,5,SIERRA VISTA,0
2594,15,Pneumonia Patients Assessed and Given Pneumococcal Vaccination,0
2457,14,AMI-3,0
2394,5,SCOTTSDALE,0
2394,5,GEORGIANA,0
210,15,Pneumonia Patients Given the Most Appropriate Initial Antibiotic(s),0
2394,5,MORRILTON,0
9225,13,Heart Attack,0
940,15,Heart Failure Patients Given ACE Inhibitor or ARB for Left Ventricular Systolic Dysfunction (LVSD),0
8287,13,Heart Attack,0
7139,18,CA_AMI-8A,0
2394,5,PRESCOTT,0
9103,14,AMI-4,0
8955,13,Heart Attack,0
9531,14,AMI-8A,0
3186,5,PRESCOTT,0
5789,18,AR_AMI-5,0
2398,9,2059757100,0
2394,5,JASPER,0
271,13,Heart Attack,0
2394,5,DECATUR,0
7134,15,Heart Attack Patients Given Aspirin at Discharge,0
6499,14,AMI-7A,0
1709,15,Pneumonia Patients Given Initial Antibiotic(s) within 6 Hours After Arrival,0
2394,5,ESCONDIDO,0
400,15,Heart Failure Patients Given an Evaluation of Left Ventricular Systolic (LVS) Function,0
2457,15,Heart Attack Patients Given ACE Inhibitor or ARB for Left Ventricular Systolic Dysfunction (LVSD),0
8206,14,AMI-1,0
2394,5,UPLAND,0
2394,5,WHITTIER,0
911,14,AMI-7A,0
1570,18,AL_AMI-1,0
147,14,AMI-3,0
6398,14,AMI-5,0
3674,14,HF-2,0
4657,13,Heart Attack,0
4227,14,HF-1,0
5414,14,HF-1,0
1175,15,Pneumonia Patients Assessed and Given Influenza Vaccination,0
7777,18,CA_AMI-7A,0
3348,6,AZ,0
4205,14,HF-4,0
9629,14,AMI-5,0
2947,14,AMI-8A,0
430,5,SYLACAUGA,0
202,6,AL,0
1227,15,surgery patients who were given an antibiotic at the right time (within one hour before surgery) to help prevent infection,0
3428,15,Heart Attack Patients Given Aspirin at Arrival,0
7854,14,HF-1,0
7265,15,Heart Attack Patients Given Beta Blocker at Discharge,0
3303,5,FLAGSTAFF,0
5558,7,71754,0
5185,14,AMI-4,0
8559,14,AMI-1,0
939,14,HF-2,0
7702,14,AMI-5,0
2260,7,35233,0
2398,5,DEMOPOLIS,0
2398,5,POLACCA,0
2398,5,OROVILLE,0
2398,5,CASA GRANDE,0
2398,5,JONESBORO,0
5887,15,Heart Attack Patients Given ACE Inhibitor or ARB for Left Ventricular Systolic Dysfunction (LVSD),0
7552,18,CA_AMI-8A,0
3670,15,Heart Attack Patients Given Beta Blocker at Discharge,0
2609,5,PALMER,0
1699,6,AL,0
2278,18,AL_AMI-4,0
8559,15,Heart Attack Patients Given Aspirin at Arrival,0
5585,13,Heart Attack,0
2394,5,BREWTON,0
2398,5,LAKE VILLAGE,0
2252,14,AMI-3,0
6601,14,HF-1,0
8287,15,Heart Attack Patients Given PCI Within 90 Minutes Of Arrival,0
2394,5,DOUGLAS,0
257,6,AL,0
2394,5,DEMOPOLIS,0
1227,13,Surgical Infection Prevention,0
1887,18,AL_PN-3B,0
7644,18,CA_AMI-7A,0
6553,14,HF-3,0
9727,15,Heart Attack Patients Given ACE Inhibitor or ARB for Left Ventricular Systolic Dysfunction (LVSD),0
4250,13,Heart Attack,0
1034,6,AL,0
2413,7,36867,0
3944,13,Heart Attack,0
1570,13,Heart Attack,0
3351,6,AZ,0
862,13,Heart Failure,0
6221,15,Heart Attack Patients Given PCI Within 90 Minutes Of Arrival,0
4908,15,Heart Attack Patients Given Beta Blocker at Discharge,0
3232,6,AZ,0
7615,14,AMI-4,0
2814,15,surgery patients whose doctors ordered treatments to prevent blood clots after certain types of surgeries,0
686,5,BIRMINGHAM,0
648,13,Heart Attack,0
5912,18,AR_AMI-3,0
2008,13,Heart Failure,0
2394,5,HOPE,0
2394,13,Pneumonia,0
3186,14,HF-2,0
290,5,ALABASTER,0
2257,13,Heart Failure,0
3303,18,AZ_AMI-1,0
8559,13,Heart Attack,0
5185,13,Heart Attack,0
2732,6,AK,0
2861,6,AK,0
3351,5,PHOENIX,0
3028,18,AZ_AMI-4,0
5814,13,Heart Attack,0
9632,14,HF-1,0
2394,5,PAYSON,0
2398,5,EUFAULA,0
2392,18,AL_PN-3B,0
2394,5,ANCHORAGE,0
2394,5,SAN FRANCISCO,0
2394,5,JACKSONVILLE,0
2394,5,DE QUEEN,0
2394,5,SAN MATEO,0
2394,5,FORREST CITY,0
2394,5,CHULA VISTA,0
2394,5,ATMORE,0
2394,5,CONWAY,0
2394,5,SEARCY,0
2394,5,RUSSELLVILLE,0
7948,14,AMI-2,0
2394,9,2059757100,0
4538,18,AZ_PN-3B,0
9329,13,Heart Attack,0
2847,6,AK,0
3028,15,Heart Attack Patients Given Smoking Cessation Advice/Counseling,0
5811,15,Heart Attack Patients Given Aspirin at Discharge,0
2394,5,ALABASTER,0
2394,5,SAFFORD,0
2394,5,SAN PEDRO,0
2394,5,CENTRE,0
2394,5,BETHEL,0
2394,5,MOUNTAIN HOME,0
899,15,all heart surgery patients whose blood sugar (blood glucose) is kept under good control in the days right after surgery,0
2394,5,DADEVILLE,0
5687,13,Heart Attack,0
2394,5,JACKSON,0
2394,5,RIVERSIDE,0
2394,5,GREENVILLE,0
2394,5,SAN LUIS OBISPO,0
2394,5,GADSDEN,0
2394,5,LANCASTER,0
2394,5,WEST MEMPHIS,0
7672,15,Heart Attack Patients Given ACE Inhibitor or ARB for Left Ventricular Systolic Dysfunction (LVSD),0
7141,14,HF-2,0
5419,14,PN-3B,0
1550,18,AL_AMI-7A,0
2394,5,SACRAMENTO,0
5154,13,Heart Attack,0
2394,5,OPELIKA,0
211,13,Pneumonia,0
5814,15,Heart Attack Patients Given Beta Blocker at Discharge,0
2394,5,VAN NUYS,0
2394,5,TROY,0
2779,13,Pneumonia,0
69,5,BOAZ,0
2394,5,WINFIELD,0
2394,5,PINE BLUFF,0
1545,13,Heart Attack,0
2394,5,GENEVA,0
2394,5,PALMER,0
5638,13,Heart Attack,0
2537,13,Heart Failure,0
2394,5,ASHLAND,0
8421,14,PN-6,0
2394,5,SANTA MONICA,0
11,14,AMI-3,0
1885,14,HF-4,0
2394,5,GLENDALE,0
2398,5,OJAI,0
2398,5,TUSCALOOSA,0
2398,5,OPELIKA,0
2398,5,SYLACAUGA,0
2398,5,SAFFORD,0
4539,18,AZ_PN-4,0
2398,5,LOS ANGELES,0
7973,18,CA_AMI-2,0
9806,15,Heart Attack Patients Given PCI Within 90 Minutes Of Arrival,0
2394,5,PALM SPRINGS,0
2699,5,BETHEL,0
2973,6,AZ,0
7973,15,Heart Attack Patients Given Aspirin at Discharge,0
1260,15,Heart Attack Patients Given Aspirin at Discharge,0
9031,13,Heart Attack,0
3724,14,HF-2,0
7874,15,Heart Attack Patients Given ACE Inhibitor or ARB for Left Ventricular Systolic Dysfunction (LVSD),0
7777,13,Heart Attack,0
3023,5,SCOTTSDALE,0
2008,15,Heart Failure Patients Given an Evaluation of Left Ventricular Systolic (LVS) Function,0
3943,18,AZ_AMI-3,0
2394,5,BIRMINGHAM,0
6476,15,Heart Failure Patients Given Discharge Instructions,0
2394,5,PARKER,0
6378,14,HF-3,0
5614,15,Heart Attack Patients Given Beta Blocker at Discharge,0
8735,14,HF-4,0
2398,5,WALNUT RIDGE,0
6499,15,Heart Attack Patients Given Fibrinolytic Medication Within 30 Minutes Of Arrival,0
3573,14,HF-4,0
2457,13,Heart Attack,0
147,13,Heart Attack,0
8662,13,Heart Attack,0
6295,15,Heart Attack Patients Given Fibrinolytic Medication Within 30 Minutes Of Arrival,0
8929,13,Heart Attack,0
456,7,35660,0
1005,15,patients who got treatment  at the right time (within 24 hours before or after their surgery) to help prevent blood clots after certain types of surgery,0
648,15,Heart Attack Patients Given PCI Within 90 Minutes Of Arrival,0
2036,18,AL_PN-2,0
668,13,Heart Attack,0
2398,5,LAKE HAVASU CITY,0
2398,5,SAN PEDRO,0
2398,5,HOT SPRINGS,0
2398,5,CARMICHAEL,0
2398,5,VENTURA,0
3923,14,HF-1,0
1235,14,AMI-2,0
9103,15,Heart Attack Patients Given Smoking Cessation Advice/Counseling,0
61,7,35957,0
1781,15,Heart Attack Patients Given PCI Within 90 Minutes Of Arrival,0
288,18,AL_SCIP-INF-1,0
9979,14,AMI-5,0
3303,15,Heart Attack Patients Given Aspirin at Arrival,0
4832,15,Heart Attack Patients Given PCI Within 90 Minutes Of Arrival,0
8087,14,HF-3,0
2458,18,AL_AMI-4,0
3355,13,Heart Attack,0
864,13,Pneumonia,0
3146,5,BANNING,0
9500,13,Heart Attack,0
823,13,Surgical Infection Prevention,0
8856,14,AMI-8A,0
1699,15,Heart Attack Patients Given Beta Blocker at Discharge,0
2278,13,Heart Attack,0
2796,5,SITKA,0
5510,14,AMI-1,0
2394,5,GARDEN GROVE,0
2394,5,HARRISON,0
5185,18,AR_AMI-4,0
2394,5,CROSSETT,0
2980,5,COTTONWOOD,0
5154,14,AMI-1,0
2394,5,OROVILLE,0
2394,5,SYLACAUGA,0
2394,5,FAYETTE,0
2394,5,WALNUT RIDGE,0
2394,5,SANTA MARIA,0
2394,5,YORK,0
2394,5,TUCSON,0
7243,14,HF-4,0
2394,5,POMONA,0
2394,5,PORTERVILLE,0
2394,5,WILLCOX,0
2394,5,FORT SMITH,0
2394,5,THOMASVILLE,0
2394,5,CAMDEN,0
2394,5,MONTGOMERY,0
2394,5,NAPA,0
2394,5,STOCKTON,0
2394,5,REDWOOD CITY,0
2394,5,MONTICELLO,0
2394,5,SAN BERNARDINO,0
2394,5,FONTANA,0
5712,15,Heart Attack Patients Given ACE Inhibitor or ARB for Left Ventricular Systolic Dysfunction (LVSD),0
2413,13,Heart Failure,0
1282,18,AL_SCIP-VTE-1,0
3191,5,PRESCOTT,0
3647,13,Heart Attack,0
638,13,Surgical Infection Prevention,0
5712,18,AR_AMI-3,0
1025,13,Surgical Infection Prevention,0
8676,14,AMI-2,0
3453,13,Heart Attack,0
5154,18,AR_AMI-1,0
2394,5,LAKE VILLAGE,0
9253,14,AMI-4,0
6070,18,AR_AMI-7A,0
9350,14,AMI-1,0
1956,13,Heart Attack,0
5510,15,Heart Attack Patients Given Aspirin at Arrival,0
5744,14,HF-3,0
3232,14,AMI-5,0
2398,5,FAYETTE,0
7552,13,Heart Attack,0
2215,18,AL_PN-6,0
430,13,Pneumonia,0
779,15,Heart Attack Patients Given Aspirin at Discharge,0
899,18,AL_SCIP-INF-4,0
3096,6,AR,0
3057,5,PHOENIX,0
2398,5,SELMA,0
7900,14,AMI-4,0
4250,15,Heart Attack Patients Given Fibrinolytic Medication Within 30 Minutes Of Arrival,0
6249,14,HF-3,0
139,2,10008,0
176,6,AL,0
5717,14,HF-1,0
4603,15,Heart Attack Patients Given ACE Inhibitor or ARB for Left Ventricular Systolic Dysfunction (LVSD),0
2177,13,Heart Attack,0
8537,14,AMI-4,0
1260,6,AL,0
7728,14,PN-6,0
1422,15,Heart Attack Patients Given ACE Inhibitor or ARB for Left Ventricular Systolic Dysfunction (LVSD),0
2394,5,NEWPORT BEACH,0
5213,13,Heart Attack,0
399,15,Heart Failure Patients Given Discharge Instructions,0
7702,18,CA_AMI-5,0
6016,14,AMI-8A,0
1545,18,AL_AMI-1,0
202,18,AL_HF-1,0
151,2,10009,0
7552,14,AMI-8A,0
2458,13,Heart Attack,0
2335,18,AL_HF-4,0
1104,15,surgery patients whose preventive antibiotics were stopped at the right time (within 24 hours after surgery),0
1673,13,Heart Attack,0
944,6,AL,0
1182,18,AL_SCIP-VTE-1,0
9531,15,Heart Attack Patients Given PCI Within 90 Minutes Of Arrival,0
2796,6,AK,0
3040,6,AZ,0
3186,6,AZ,0
25,5,DOTHAN,0
2086,13,Pneumonia,0
1573,6,AL,0
492,15,Heart Attack Patients Given Aspirin at Arrival,0
8362,15,Heart Attack Patients Given PCI Within 90 Minutes Of Arrival,0
233,6,AL,0
2411,18,AL_AMI-8A,0
2947,18,AZ_AMI-8A,0
4198,14,AMI-4,0
947,18,AL_PN-7,0
2394,5,CLINTON,0
979,15,surgery patients whose doctors ordered treatments to prevent blood clots after certain types of surgeries,0
2398,13,Surgical Infection Prevention,0
5160,15,Heart Attack Patients Given PCI Within 90 Minutes Of Arrival,0
182,18,AL_PN-3B,0
2742,5,ANCHORAGE,0
139,5,LUVERNE,0
3794,15,Heart Attack Patients Given Smoking Cessation Advice/Counseling,0
7973,13,Heart Attack,0
3917,18,AZ_AMI-2,0
7948,15,Heart Attack Patients Given Aspirin at Discharge,0
7165,14,HF-1,0
9440,14,PN-6,0
2868,18,AK_AMI-3,0
858,13,Heart Attack,0
1472,13,Heart Attack,0
107,13,Pneumonia,0
2635,13,Heart Attack,0
1721,13,Surgical Infection Prevention,0
9629,13,Heart Attack,0
303,5,BIRMINGHAM,0
831,18,AL_AMI-4,0
1573,13,Heart Attack,0
419,6,AL,0
3770,13,Heart Attack,0
417,13,Heart Attack,0
9727,18,CA_AMI-3,0
6398,15,Heart Attack Patients Given Beta Blocker at Discharge,0
3028,14,AMI-4,0
8110,15,Heart Failure Patients Given Discharge Instructions,0
1601,13,Heart Attack,0
2398,5,OSCEOLA,0
3354,13,Heart Attack,0
2788,6,AK,0
36,5,DOTHAN,0
9502,13,Heart Attack,0
3923,15,Heart Failure Patients Given Discharge Instructions,0
7644,15,Heart Attack Patients Given Fibrinolytic Medication Within 30 Minutes Of Arrival,0
436,6,AK,0
5616,14,AMI-8A,0
837,14,HF-3,0
2537,15,Heart Failure Patients Given Discharge Instructions,0
1282,15,surgery patients whose doctors ordered treatments to prevent blood clots after certain types of surgeries,0
7548,18,CA_AMI-3,0
5814,14,AMI-5,0
4760,14,HF-3,0
3202,5,PRESCOTT,0
2104,18,AL_AMI-5,0
7751,15,Heart Attack Patients Given Beta Blocker at Discharge,0
9050,13,Heart Attack,0
646,13,Heart Attack,0
5708,7,71901,0
3354,15,Heart Attack Patients Given Aspirin at Discharge,0
150,2,10009,0
8856,13,Heart Attack,0
2398,5,SAN JOSE,0
779,18,AL_AMI-2,0
25,15,Heart Attack Patients Given Fibrinolytic Medication Within 30 Minutes Of Arrival,0
233,13,Pneumonia,0
2765,15,patients who got treatment  at the right time (within 24 hours before or after their surgery) to help prevent blood clots after certain types of surgery,0
2765,5,ANCHORAGE,0
40,6,AL,0
2905,6,AZ,0
2725,5,SOLDOTNA,0
2398,5,HAYWARD,0
6475,13,Heart Attack,0
6674,15,Heart Attack Patients Given ACE Inhibitor or ARB for Left Ventricular Systolic Dysfunction (LVSD),0
3096,15,Heart Attack Patients Given Beta Blocker at Discharge,0
1034,18,AL_AMI-4,0
7040,13,Heart Failure,0
1152,13,Surgical Infection Prevention,0
2260,9,2059334515,0
2394,5,BENTON,0
1092,7,35205,0
9606,13,Heart Attack,0
9154,13,Heart Attack,0
7998,15,Heart Attack Patients Given Aspirin at Discharge,0
2394,5,GILROY,0
2394,5,PANORAMA CITY,0
2394,5,SAINT HELENA,0
9750,14,AMI-1,0
2394,5,SAN JOSE,0
2394,5,SPRINGDALE,0
2394,5,MARYSVILLE,0
2624,6,AK,0
2394,5,TUSCALOOSA,0
436,15,Heart Failure Patients Given Smoking Cessation Advice/Counseling,0
2394,5,HOMER,0
2394,5,OXNARD,0
2394,5,MALVERN,0
2394,5,MOUNTAIN VIEW,0
2394,5,WETUMPKA,0
2394,5,SITKA,0
2394,5,UNION SPRINGS,0
2398,5,SCOTTSDALE,0
2394,5,LONG BEACH,0
4538,13,Pneumonia,0
5558,14,SCIP-VTE-1,0
3943,13,Heart Attack,0
8432,13,Heart Attack,0
1499,13,Heart Attack,0
2394,5,GRASS VALLEY,0
2394,5,HANFORD,0
2394,5,REEDLEY,0
2394,5,MUSCLE SHOALS,0
2394,5,CHINLE,0
2394,5,MANTECA,0
9968,14,SCIP-INF-1,0
2394,5,WYNNE,0
2641,14,HF-2,0
2394,5,TURLOCK,0
8165,14,HF-3,0
2011,13,Pneumonia,0
7352,13,Heart Attack,0
954,15,surgery patients whose doctors ordered treatments to prevent blood clots after certain types of surgeries,0
2204,18,AL_AMI-5,0
2394,5,GREENSBORO,0
51,5,BOAZ,0
1499,15,Heart Attack Patients Given Beta Blocker at Discharge,0
2765,6,AK,0
12,7,35660,0
399,13,Heart Failure,0
182,13,Pneumonia,0
3670,18,AZ_AMI-5,0
3254,13,Heart Attack,0
2398,5,CENTRE,0
2177,6,AL,0
3354,5,PHOENIX,0
31,13,Pneumonia,0
7040,14,HF-1,0
3096,14,AMI-5,0
9334,14,HF-3,0
1306,13,Surgical Infection Prevention,0
185,15,Pneumonia Patients Given the Most Appropriate Initial Antibiotic(s),0
2394,5,BOAZ,0
4567,15,Pneumonia Patients Assessed and Given Influenza Vaccination,0
8165,13,Heart Failure,0
8806,13,Heart Attack,0
8955,14,AMI-7A,0
2398,5,SCOTTSBORO,0
5966,18,AR_AMI-8A,0
1388,15,Heart Attack Patients Given Beta Blocker at Discharge,0
690,13,Surgical Infection Prevention,0
3111,14,HF-4,0
2411,13,Heart Attack,0
6774,15,Heart Attack Patients Given ACE Inhibitor or ARB for Left Ventricular Systolic Dysfunction (LVSD),0
2394,5,HUNTSVILLE,0
9531,18,CA_AMI-8A,0
6706,13,Heart Failure,0
2398,5,SAN DIEGO,0
2398,5,SPRINGDALE,0
1725,18,AL_AMI-1,0
2394,5,BERRYVILLE,0
2394,5,SAN DIEGO,0
2394,5,SANTA ROSA,0
2394,5,COLTON,0
2394,5,DUMAS,0
2394,5,DANVILLE,0
7602,14,AMI-8A,0
1282,2,10069,0
3322,5,FLAGSTAFF,0
7134,13,Heart Attack,0
9453,13,Heart Attack,0
6774,14,AMI-3,0
8856,15,Heart Attack Patients Given PCI Within 90 Minutes Of Arrival,0
417,5,SYLACAUGA,0
3236,14,HF-2,0
2105,13,Heart Attack,0
887,13,Heart Failure,0
